date,code,action,price
2006-02-06,002033,BUY,1.7774517
2006-02-06,600886,BUY,1.2315457
2006-02-06,000933,BUY,1.6616433
2006-02-06,600428,BUY,2.48531535
2006-03-01,000550,BUY,2.44337808
2006-03-01,600010,BUY,0.94996753
2006-04-03,600010,SELL_REBAL,0.66789526
2006-04-03,002040,BUY,3.04000998
2006-05-08,002033,SELL_REBAL,2.11942836
2006-05-08,600886,SELL_REBAL,1.2302696
2006-05-08,002040,SELL_REBAL,3.31407468
2006-05-08,001696,BUY,0.61866142
2006-05-08,002022,BUY,2.71935716
2006-05-08,000937,BUY,0.92942586
2006-05-08,002025,BUY,9.25790448
2006-05-08,000155,BUY,3.9280672
2006-05-08,600096,BUY,6.85913764
2006-05-08,000912,BUY,6.1421316
2006-06-01,000933,SELL_REBAL,2.0590847
2006-06-01,600525,BUY,1.73196569
2006-06-01,600880,BUY,2.48699424
2006-06-01,600227,BUY,2.31550452
2006-06-01,600420,BUY,2.92979792
2006-06-01,600997,BUY,2.54810045
2006-06-01,600761,BUY,3.56972275
2006-06-01,000983,BUY,1.5761944
2006-06-01,000069,BUY,2.3752288
2006-06-01,600583,BUY,3.96352845
2006-06-01,600500,BUY,3.4986545
2006-06-01,600418,BUY,3.7804745
2006-07-03,600096,SELL_REBAL,7.25818736
2006-07-03,000912,SELL_REBAL,6.8401011
2006-07-03,600761,SELL_REBAL,4.4003755
2006-07-03,000983,SELL_REBAL,1.46156208
2006-07-03,000069,SELL_REBAL,1.9201616
2006-07-03,600583,SELL_REBAL,4.03371045
2006-07-03,600500,SELL_REBAL,3.2846872
2006-07-03,600418,SELL_REBAL,3.49865731
2006-07-03,002050,BUY,0.69730591
2006-07-03,002028,BUY,2.91897276
2006-07-03,002010,BUY,2.3273328
2006-07-03,600436,BUY,3.79082715
2006-07-03,600348,BUY,1.0382271
2006-07-03,600123,BUY,2.171834
2006-07-03,600183,BUY,2.35876938
2006-07-03,000066,BUY,2.60981424
2006-08-01,000550,SELL_REBAL,4.30784724
2006-08-01,600997,SELL_REBAL,2.0147771
2006-08-01,000155,SELL_REBAL,4.57665504
2006-08-01,600428,SELL_REBAL,2.36428227
2006-08-01,600183,SELL_REBAL,2.24104114
2006-08-01,000066,SELL_REBAL,2.14349608
2006-08-01,600276,BUY,0.92337234
2006-08-01,000731,BUY,5.08330254
2006-08-01,600596,BUY,2.3851224
2006-08-01,000933,BUY,1.7924846
2006-08-01,600829,BUY,5.32592907
2006-08-01,600809,BUY,4.55913528
2006-09-01,600525,SELL_REBAL,2.01492809
2006-09-01,600227,SELL_REBAL,2.21770353
2006-09-01,600123,SELL_REBAL,2.06693032
2006-09-01,002025,SELL_REBAL,6.84161856
2006-09-01,000731,SELL_REBAL,5.65999926
2006-09-01,600596,SELL_REBAL,2.4810756
2006-09-01,000933,SELL_REBAL,1.7384941
2006-09-01,600829,SELL_REBAL,5.77105045
2006-09-01,600809,SELL_REBAL,4.18095816
2006-09-01,002033,BUY,2.652048
2006-09-01,000157,BUY,0.54319176
2006-09-01,600467,BUY,1.66539002
2006-09-01,000690,BUY,1.34877456
2006-09-01,600497,BUY,2.01043755
2006-09-01,000006,BUY,1.2404472
2006-09-01,600650,BUY,4.62635008
2006-09-01,600708,BUY,1.5418944
2006-09-01,600079,BUY,1.29319633
2006-10-09,600880,SELL_REBAL,2.7127536
2006-10-09,600271,BUY,3.88867038
2006-11-01,001696,SELL_REBAL,1.17131182
2006-11-01,002022,SELL_REBAL,3.3650908
2006-11-01,600436,SELL_REBAL,3.59858235
2006-11-01,600708,SELL_REBAL,1.51940844
2006-11-01,600650,SELL_REBAL,5.1915008
2006-11-01,600420,SELL_REBAL,2.21174784
2006-11-01,000937,SELL_REBAL,0.83710915
2006-11-01,600079,SELL_REBAL,1.42568415
2006-11-01,600467,SELL_REBAL,1.95489844
2006-11-01,600271,SELL_REBAL,3.4304268
2006-11-01,600845,BUY,1.1675389
2006-11-01,002003,BUY,0.7248101
2006-11-01,002049,BUY,2.48721088
2006-11-01,600525,BUY,2.34976693
2006-11-01,600518,BUY,0.7062196
2006-11-01,600725,BUY,1.55087161
2006-11-01,600439,BUY,2.1447422
2006-11-01,002046,BUY,3.91024104
2006-11-01,600517,BUY,1.9179045
2006-11-01,600227,BUY,2.45031129
2006-12-01,000006,SELL_REBAL,1.72035792
2006-12-01,600845,SELL_REBAL,1.14409042
2006-12-01,600880,BUY,3.41734128
2006-12-01,000987,BUY,2.3749791
2007-01-04,600439,SELL_REBAL,2.52585826
2007-01-04,000690,SELL_REBAL,1.99199268
2007-01-04,000987,SELL_REBAL,2.628182
2007-01-04,600436,BUY,4.26342895
2007-01-04,600420,BUY,2.36918128
2007-01-04,600079,BUY,1.40264279
2007-02-01,600880,SELL_REBAL,4.28578656
2007-02-01,600497,SELL_REBAL,4.28487195
2007-02-01,600079,SELL_REBAL,1.77706489
2007-02-01,000937,BUY,1.07181265
2007-02-01,000006,BUY,1.63495008
2007-02-01,600650,BUY,6.85409536
2007-03-01,000937,SELL_REBAL,1.37066844
2007-03-01,600650,SELL_REBAL,7.53753344
2007-03-01,600439,BUY,4.25553884
2007-03-01,000987,BUY,3.3300989
2007-04-02,600518,SELL_REBAL,1.33024985
2007-04-02,600880,BUY,4.36589472
2007-05-08,002050,SELL_REBAL,1.35076151
2007-05-08,002049,SELL_REBAL,3.44699696
2007-05-08,600525,SELL_REBAL,5.05205785
2007-05-08,600725,SELL_REBAL,5.17996576
2007-05-08,002046,SELL_REBAL,5.91457512
2007-05-08,600436,SELL_REBAL,8.0021898
2007-05-08,002010,SELL_REBAL,5.276544
2007-05-08,000006,SELL_REBAL,2.74254064
2007-05-08,600420,SELL_REBAL,4.76908128
2007-05-08,002004,BUY,1.98965412
2007-05-08,600993,BUY,6.82381466
2007-05-08,002038,BUY,3.52159715
2007-05-08,600527,BUY,2.14506844
2007-05-08,600547,BUY,3.23588944
2007-05-08,600971,BUY,3.13214322
2007-05-08,002029,BUY,4.94217302
2007-05-08,600271,BUY,5.63972406
2007-05-08,600489,BUY,4.5810099
2007-06-01,600517,SELL_REBAL,3.9141311
2007-06-01,600880,SELL_REBAL,5.29988304
2007-06-01,000157,SELL_REBAL,2.61044554
2007-06-01,002004,SELL_REBAL,2.2174833
2007-06-01,600271,SELL_REBAL,6.18884835
2007-06-01,002036,BUY,7.6091418
2007-06-01,000903,BUY,4.27502258
2007-06-01,600161,BUY,6.42969275
2007-06-01,600231,BUY,2.80874022
2007-06-01,000937,BUY,2.5270046
2007-07-02,002028,SELL_REBAL,8.064898
2007-07-02,600489,SELL_REBAL,4.9205646
2007-07-02,600348,SELL_REBAL,2.6902965
2007-07-02,002051,BUY,4.55368032
2007-07-02,600436,BUY,7.5069995
2007-07-02,600123,BUY,5.19752262
2007-08-01,002029,SELL_REBAL,5.40737511
2007-08-01,000937,SELL_REBAL,3.12197024
2007-08-01,600123,SELL_REBAL,6.03251268
2007-08-01,600880,BUY,4.87040848
2007-08-01,600517,BUY,5.5061259
2007-08-01,600271,BUY,5.55619696
2007-09-03,002033,SELL_REBAL,5.7496925
2007-09-03,000987,SELL_REBAL,6.369597
2007-09-03,600276,SELL_REBAL,3.06983484
2007-09-03,000903,SELL_REBAL,5.39145938
2007-09-03,600161,SELL_REBAL,7.03105129
2007-09-03,600231,SELL_REBAL,4.15966707
2007-09-03,600517,SELL_REBAL,7.6421477
2007-09-03,600271,SELL_REBAL,6.39304352
2007-09-03,002063,BUY,1.2032867
2007-09-03,002062,BUY,2.6334066
2007-09-03,002056,BUY,3.5083611
2007-09-03,002061,BUY,6.9367032
2007-09-03,600426,BUY,3.73821513
2007-09-03,600588,BUY,3.59152112
2007-09-03,600570,BUY,3.301621
2007-09-03,002054,BUY,6.2521638
2007-10-08,600547,SELL_REBAL,10.99365135
2007-10-08,002054,SELL_REBAL,6.759096
2007-10-08,002065,BUY,1.672581
2007-10-08,002028,BUY,9.0326035
2007-11-01,002062,SELL_REBAL,2.590236
2007-11-01,002051,SELL_REBAL,4.21321824
2007-11-01,002036,SELL_REBAL,5.9507391
2007-11-01,600227,SELL_REBAL,6.11009
2007-11-01,600439,SELL_REBAL,7.82026931
2007-11-01,600880,SELL_REBAL,5.642994
2007-11-01,600971,SELL_REBAL,7.91745
2007-11-01,002028,SELL_REBAL,8.0254976
2007-11-01,002014,BUY,1.74915906
2007-11-01,002074,BUY,4.09518335
2007-11-01,002076,BUY,3.6657621
2007-11-01,002033,BUY,5.16887
2007-11-01,600233,BUY,4.3088795
2007-11-01,002032,BUY,6.50200155
2007-11-01,600518,BUY,1.37129625
2007-11-01,600479,BUY,8.032875
2007-12-03,600527,SELL_REBAL,1.57773612
2007-12-03,600426,SELL_REBAL,3.95182102
2007-12-03,002076,SELL_REBAL,3.53685618
2007-12-03,600479,SELL_REBAL,7.8027
2007-12-03,002081,BUY,1.36054259
2007-12-03,002086,BUY,3.83518804
2007-12-03,002064,BUY,4.39977991
2007-12-03,002054,BUY,5.8015574
2008-01-02,002003,SELL_REBAL,2.60654324
2008-01-02,002074,SELL_REBAL,6.0913545
2008-01-02,600570,SELL_REBAL,3.04909161
2008-01-02,600436,SELL_REBAL,7.7862356
2008-01-02,600233,SELL_REBAL,5.92420828
2008-01-02,002032,SELL_REBAL,8.78820495
2008-01-02,600518,SELL_REBAL,1.86374397
2008-01-02,002064,SELL_REBAL,5.7455586
2008-01-02,002054,SELL_REBAL,7.3786798
2008-01-02,002096,BUY,6.3624309
2008-01-02,002101,BUY,6.07943639
2008-01-02,002090,BUY,5.15234412
2008-01-02,002100,BUY,2.7089909
2008-01-02,002062,BUY,3.0623274
2008-01-02,002091,BUY,2.26242687
2008-01-02,002099,BUY,3.2175365
2008-01-02,002084,BUY,7.2888673
2008-01-02,002036,BUY,7.06934798
2008-02-01,002014,SELL_REBAL,1.7663217
2008-02-01,002086,SELL_REBAL,5.02163068
2008-02-01,600588,SELL_REBAL,3.55268319
2008-02-01,002100,SELL_REBAL,2.5761406
2008-02-01,002084,SELL_REBAL,5.217042
2008-02-01,002036,SELL_REBAL,4.64352756
2008-02-01,002107,BUY,2.88195441
2008-02-01,002102,BUY,2.3780312
2008-02-01,002076,BUY,3.89940408
2008-02-01,600527,BUY,1.77228592
2008-02-01,002104,BUY,4.44423231
2008-02-01,002109,BUY,4.6094994
2008-03-03,002056,SELL_REBAL,4.02716124
2008-03-03,002038,SELL_REBAL,7.00151227
2008-03-03,002104,SELL_REBAL,5.4245419
2008-03-03,002109,SELL_REBAL,6.5572845
2008-03-03,002108,BUY,0.97331426
2008-03-03,002117,BUY,2.85802198
2008-03-03,002115,BUY,4.54333278
2008-03-03,002003,BUY,2.72322852
2008-04-01,002090,SELL_REBAL,3.5737317
2008-04-01,002102,SELL_REBAL,1.28828204
2008-04-01,002061,SELL_REBAL,3.66654312
2008-04-01,600993,SELL_REBAL,4.602096
2008-04-01,600527,SELL_REBAL,1.317918
2008-04-01,002108,SELL_REBAL,0.74375901
2008-04-01,002100,BUY,1.89225036
2008-04-01,002086,BUY,3.91574896
2008-04-01,600525,BUY,4.46172382
2008-04-01,600436,BUY,6.09260795
2008-04-01,600233,BUY,4.03230956
2008-04-01,000987,BUY,4.19796
2008-05-05,002081,SELL_REBAL,1.3759655
2008-05-05,002107,SELL_REBAL,3.136347
2008-05-05,002096,SELL_REBAL,3.8887914
2008-05-05,002101,SELL_REBAL,3.75782459
2008-05-05,002115,SELL_REBAL,3.62766507
2008-05-05,002062,SELL_REBAL,2.388309
2008-05-05,002117,SELL_REBAL,2.1507915
2008-05-05,002099,SELL_REBAL,1.9512802
2008-05-05,002091,SELL_REBAL,2.2677922
2008-05-05,002076,SELL_REBAL,3.11791194
2008-05-05,002033,SELL_REBAL,4.8491925
2008-05-05,002100,SELL_REBAL,2.32366316
2008-05-05,002086,SELL_REBAL,4.5407064
2008-05-05,600845,BUY,2.23124941
2008-05-05,000848,BUY,2.52037038
2008-05-05,002111,BUY,6.55269692
2008-05-05,002104,BUY,4.07448775
2008-05-05,600782,BUY,4.54732224
2008-05-05,600521,BUY,3.36689546
2008-05-05,000903,BUY,2.964763
2008-05-05,600256,BUY,1.51854523
2008-05-05,002007,BUY,4.12417908
2008-05-05,600420,BUY,3.831361
2008-05-05,600880,BUY,6.31327524
2008-05-05,600592,BUY,8.8228772
2008-05-05,600479,BUY,7.6447416
2008-06-02,600436,SELL_REBAL,5.52199505
2008-06-02,002111,SELL_REBAL,5.5020273
2008-06-02,600521,SELL_REBAL,3.9096295
2008-06-02,600256,SELL_REBAL,1.70772769
2008-06-02,600420,SELL_REBAL,3.7495679
2008-06-02,600880,SELL_REBAL,5.42311281
2008-06-02,600592,SELL_REBAL,7.23499362
2008-06-02,600479,SELL_REBAL,6.8183598
2008-06-02,002130,BUY,1.62723828
2008-06-02,002121,BUY,3.37308732
2008-06-02,600527,BUY,1.43385825
2008-06-02,000338,BUY,2.4982992
2008-06-02,002001,BUY,5.08316074
2008-06-02,600570,BUY,2.44195134
2008-06-02,000708,BUY,3.5239266
2008-06-02,600201,BUY,3.0138484
2008-07-01,002063,SELL_REBAL,0.763572
2008-07-01,600845,SELL_REBAL,1.5944526
2008-07-01,002003,SELL_REBAL,1.57867776
2008-07-01,000848,SELL_REBAL,1.99338168
2008-07-01,600233,SELL_REBAL,2.17904764
2008-07-01,002104,SELL_REBAL,2.95552395
2008-07-01,600525,SELL_REBAL,3.09931366
2008-07-01,600782,SELL_REBAL,2.499648
2008-07-01,000903,SELL_REBAL,1.7493055
2008-07-01,000987,SELL_REBAL,4.1931162
2008-07-01,002130,SELL_REBAL,1.1501916
2008-07-01,002121,SELL_REBAL,2.81480112
2008-07-01,600527,SELL_REBAL,0.96666735
2008-07-01,000338,SELL_REBAL,1.70534241
2008-07-01,600570,SELL_REBAL,2.02112268
2008-07-01,000708,SELL_REBAL,2.48056794
2008-07-01,600201,SELL_REBAL,1.9408064
2008-07-01,600176,BUY,3.167619
2008-07-01,600227,BUY,5.2141878
2008-07-01,600276,BUY,2.7621945
2008-07-01,600588,BUY,3.71954157
2008-07-01,600188,BUY,4.56261927
2008-07-01,600123,BUY,5.9818399
2008-07-01,600409,BUY,4.27777479
2008-07-01,000937,BUY,6.82493799
2008-07-01,600271,BUY,6.623115
2008-07-01,601699,BUY,8.15112636
2008-07-01,601666,BUY,9.76309016
2008-07-01,000983,BUY,8.8961136
2008-08-01,002065,SELL_REBAL,1.28555028
2008-08-01,600176,SELL_REBAL,3.14951832
2008-08-01,600409,SELL_REBAL,4.41373131
2008-08-01,601699,SELL_REBAL,5.6435808
2008-08-01,601666,SELL_REBAL,6.75598368
2008-08-01,002129,BUY,2.4062922
2008-08-01,600521,BUY,3.7561435
2008-08-01,000032,BUY,6.06444342
2008-08-01,600592,BUY,5.94988518
2008-08-01,600111,BUY,3.74127909
2008-08-01,000895,BUY,6.4210137
2008-08-01,600997,BUY,9.92482641
2008-08-01,002024,BUY,9.45480816
2008-09-01,002001,SELL_REBAL,2.35673014
2008-09-01,600227,SELL_REBAL,3.5390634
2008-09-01,600188,SELL_REBAL,3.3445223
2008-09-01,000937,SELL_REBAL,3.8852858
2008-09-01,600123,SELL_REBAL,4.6147632
2008-09-01,600271,SELL_REBAL,5.4621219
2008-09-01,000983,SELL_REBAL,5.5233102
2008-09-01,002129,SELL_REBAL,1.7155125
2008-09-01,600521,SELL_REBAL,2.66255575
2008-09-01,000032,SELL_REBAL,4.11009634
2008-09-01,600592,SELL_REBAL,4.61470758
2008-09-01,600111,SELL_REBAL,2.38835953
2008-09-01,600997,SELL_REBAL,5.8287138
2008-09-01,002024,SELL_REBAL,7.53259776
2008-09-01,002139,BUY,1.14460926
2008-09-01,002107,BUY,2.93649913
2008-09-01,002124,BUY,1.19029618
2008-09-01,002154,BUY,1.8738836
2008-09-01,600983,BUY,3.2959872
2008-09-01,000987,BUY,3.6619648
2008-09-01,002028,BUY,7.71689997
2008-09-01,600650,BUY,7.455653
2008-10-06,002124,SELL_REBAL,0.94710425
2008-10-06,000987,SELL_REBAL,3.3846176
2008-10-06,600650,SELL_REBAL,8.1106356
2008-10-06,002153,BUY,2.1251049
2008-10-06,600406,BUY,0.90810982
2008-10-06,600499,BUY,1.67332064
2008-10-06,600570,BUY,1.69619715
2008-10-06,600449,BUY,3.71127609
2008-10-06,000513,BUY,3.44831601
2008-10-06,002122,BUY,9.8349472
2008-10-06,002109,BUY,3.29653464
2008-10-06,600195,BUY,5.1712232
2008-10-06,600880,BUY,4.15102462
2008-10-06,000728,BUY,8.6855552
2008-11-03,002139,SELL_REBAL,0.810138
2008-11-03,002107,SELL_REBAL,1.996021
2008-11-03,002154,SELL_REBAL,1.45634712
2008-11-03,600983,SELL_REBAL,2.4438996
2008-11-03,002007,SELL_REBAL,3.0697128
2008-11-03,600588,SELL_REBAL,2.276997
2008-11-03,000895,SELL_REBAL,4.33143687
2008-11-03,002028,SELL_REBAL,6.29694
2008-11-03,002153,SELL_REBAL,2.02494072
2008-11-03,600499,SELL_REBAL,1.15449776
2008-11-03,600570,SELL_REBAL,1.11934698
2008-11-03,600449,SELL_REBAL,3.3643296
2008-11-03,000513,SELL_REBAL,2.64030261
2008-11-03,002122,SELL_REBAL,9.7403804
2008-11-03,002109,SELL_REBAL,2.76861984
2008-11-03,600195,SELL_REBAL,2.6478322
2008-11-03,600880,SELL_REBAL,3.98893028
2008-11-03,000728,SELL_REBAL,4.521536
2008-11-03,000425,BUY,1.45228606
2008-11-03,600161,BUY,3.09714048
2008-11-03,600511,BUY,8.54911575
2008-11-03,600664,BUY,3.368976
2008-12-01,002065,BUY,1.05411375
2008-12-01,002111,BUY,4.23998036
2008-12-01,600594,BUY,2.14572555
2008-12-01,600425,BUY,2.37320426
2008-12-01,600479,BUY,4.7197476
2008-12-01,600547,BUY,4.80905464
2008-12-01,000989,BUY,3.91727448
2008-12-01,600054,BUY,7.0756132
2008-12-01,600650,BUY,5.9854261
2008-12-01,000651,BUY,1.90571344
2008-12-01,600325,BUY,3.53527452
2008-12-01,600271,BUY,6.6386988
2008-12-01,600895,BUY,7.91318521
2008-12-01,002024,BUY,7.4414374
2009-01-05,600406,SELL_REBAL,1.14310552
2009-01-05,000425,SELL_REBAL,2.06785878
2009-01-05,600161,SELL_REBAL,4.11070121
2009-01-05,600276,SELL_REBAL,3.021888
2009-01-05,600511,SELL_REBAL,11.14680625
2009-01-05,600664,SELL_REBAL,5.0324079
2009-01-05,002111,SELL_REBAL,4.35499449
2009-01-05,600594,SELL_REBAL,2.15694503
2009-01-05,600425,SELL_REBAL,2.62129714
2009-01-05,600479,SELL_REBAL,5.5915662
2009-01-05,600547,SELL_REBAL,5.90880888
2009-01-05,000989,SELL_REBAL,4.01997456
2009-01-05,600054,SELL_REBAL,7.8016126
2009-01-05,600650,SELL_REBAL,5.7415496
2009-01-05,000651,SELL_REBAL,1.91699592
2009-01-05,600325,SELL_REBAL,3.1714439
2009-01-05,600271,SELL_REBAL,6.49325
2009-01-05,600895,SELL_REBAL,8.42554972
2009-01-05,002024,SELL_REBAL,7.28889824
2009-01-05,002195,BUY,0.49914653
2009-01-05,002063,BUY,0.78603
2009-01-05,002139,BUY,1.09600098
2009-01-05,002150,BUY,2.3744775
2009-01-05,002176,BUY,1.11639808
2009-01-05,600845,BUY,1.54425687
2009-01-05,002124,BUY,1.20251688
2009-01-05,002180,BUY,3.44257838
2009-01-05,002199,BUY,4.51317716
2009-01-05,002050,BUY,1.1142091
2009-01-05,002148,BUY,1.97743344
2009-01-05,002158,BUY,2.328336
2009-01-05,002192,BUY,4.0972613
2009-01-05,002197,BUY,4.07996487
2009-01-05,002151,BUY,5.32943208
2009-01-05,002165,BUY,2.18501404
2009-01-05,002179,BUY,1.55282353
2009-01-05,002121,BUY,2.59668
2009-01-05,002003,BUY,1.2165237
2009-02-02,002065,SELL_REBAL,1.50105798
2009-02-02,002197,SELL_REBAL,4.1864849
2009-02-02,002151,SELL_REBAL,5.38777288
2009-02-02,002165,SELL_REBAL,2.71346512
2009-02-02,002179,SELL_REBAL,1.81673434
2009-02-02,002121,SELL_REBAL,2.49670782
2009-02-02,002003,SELL_REBAL,1.42843428
2009-02-02,002131,BUY,0.3801315
2009-02-02,002210,BUY,0.8893824
2009-02-02,002167,BUY,2.3078767
2009-02-02,002206,BUY,1.17996783
2009-02-02,002175,BUY,1.8851812
2009-02-02,002154,BUY,1.73680084
2009-02-02,002213,BUY,3.67775733
2009-03-02,002192,SELL_REBAL,5.1296421
2009-03-02,002213,SELL_REBAL,3.7400922
2009-03-02,002153,BUY,2.3506999
2009-03-02,002170,BUY,2.29179063
2009-04-01,002167,SELL_REBAL,3.28585539
2009-04-01,002050,SELL_REBAL,1.4475945
2009-04-01,002153,SELL_REBAL,2.63404722
2009-04-01,002065,BUY,1.77559605
2009-04-01,002215,BUY,3.0629446
2009-04-01,002177,BUY,3.15226605
2009-05-04,002195,SELL_REBAL,0.84626655
2009-05-04,002131,SELL_REBAL,0.6512125
2009-05-04,002210,SELL_REBAL,1.4345192
2009-05-04,600845,SELL_REBAL,2.41825311
2009-05-04,002150,SELL_REBAL,3.1842993
2009-05-04,002176,SELL_REBAL,1.40546544
2009-05-04,002199,SELL_REBAL,6.80424672
2009-05-04,002206,SELL_REBAL,1.65935436
2009-05-04,002154,SELL_REBAL,2.17068664
2009-05-04,002180,SELL_REBAL,4.2992859
2009-05-04,002139,SELL_REBAL,2.35343956
2009-05-04,002175,SELL_REBAL,2.38399312
2009-05-04,002158,SELL_REBAL,2.722016
2009-05-04,002148,SELL_REBAL,3.13235685
2009-05-04,002170,SELL_REBAL,3.30726693
2009-05-04,002177,SELL_REBAL,3.721898
2009-05-04,002108,BUY,1.07272843
2009-05-04,002096,BUY,6.17095665
2009-05-04,002223,BUY,3.89328916
2009-05-04,000848,BUY,1.71245694
2009-05-04,002151,BUY,8.896972
2009-05-04,002197,BUY,7.17152295
2009-05-04,600743,BUY,3.1750471
2009-05-04,600436,BUY,4.84556926
2009-05-04,002001,BUY,2.5224375
2009-05-04,002165,BUY,4.3693942
2009-05-04,600993,BUY,5.97380442
2009-05-04,002091,BUY,4.0317321
2009-05-04,002217,BUY,3.23700586
2009-05-04,002152,BUY,3.7410354
2009-05-04,002164,BUY,7.49336085
2009-05-04,002104,BUY,4.02815655
2009-06-01,002063,SELL_REBAL,1.45469949
2009-06-01,002108,SELL_REBAL,1.11272659
2009-06-01,002151,SELL_REBAL,8.9402131
2009-06-01,002197,SELL_REBAL,7.42915279
2009-06-01,600993,SELL_REBAL,6.1800991
2009-06-01,002091,SELL_REBAL,4.47822144
2009-06-01,002217,SELL_REBAL,3.05575897
2009-06-01,002152,SELL_REBAL,3.47381454
2009-06-01,002164,SELL_REBAL,7.81416288
2009-06-01,002104,SELL_REBAL,4.03555445
2009-06-01,002236,BUY,0.8638975
2009-06-01,002226,BUY,2.05082448
2009-06-01,002241,BUY,1.213592
2009-06-01,002228,BUY,1.80682018
2009-06-01,002050,BUY,1.38585385
2009-06-01,002230,BUY,2.4003672
2009-06-01,002153,BUY,2.99851653
2009-06-01,002111,BUY,5.10063192
2009-06-01,002225,BUY,4.50062631
2009-06-01,002088,BUY,4.878552
2009-07-01,000848,SELL_REBAL,1.76045184
2009-07-01,600743,SELL_REBAL,3.9420366
2009-07-01,600436,SELL_REBAL,5.1882384
2009-07-01,002001,SELL_REBAL,3.2139192
2009-07-01,002165,SELL_REBAL,4.2523806
2009-07-01,002228,SELL_REBAL,1.74413778
2009-07-01,002225,SELL_REBAL,4.69060908
2009-07-01,002088,SELL_REBAL,4.8059545
2009-07-01,002131,BUY,0.6679374
2009-07-01,002252,BUY,1.0706139
2009-07-01,600845,BUY,2.37413176
2009-07-01,002154,BUY,2.1193216
2009-07-01,002250,BUY,3.35978037
2009-07-01,002235,BUY,3.87802875
2009-07-01,002249,BUY,3.63163677
2009-07-01,000552,BUY,2.9076
2009-08-03,002230,SELL_REBAL,4.2919008
2009-08-03,002111,SELL_REBAL,5.76565896
2009-08-03,000552,SELL_REBAL,3.5436375
2009-08-03,002108,BUY,1.3458569
2009-08-03,002261,BUY,4.50226392
2009-08-03,002258,BUY,7.07281372
2009-09-01,002124,SELL_REBAL,1.4721728
2009-09-01,002096,SELL_REBAL,9.2088048
2009-09-01,002065,SELL_REBAL,2.174095
2009-09-01,002261,SELL_REBAL,4.3195152
2009-09-01,002258,SELL_REBAL,5.77844155
2009-09-01,002256,BUY,1.07879766
2009-09-01,002266,BUY,1.94033758
2009-09-01,002255,BUY,6.23167204
2009-09-01,002004,BUY,1.89371286
2009-09-01,002100,BUY,2.5190275
2009-10-09,002249,SELL_REBAL,3.7185453
2009-10-09,002215,SELL_REBAL,4.03991624
2009-10-09,002004,SELL_REBAL,2.50187652
2009-10-09,002100,SELL_REBAL,2.87604075
2009-10-09,002271,BUY,0.9835029
2009-10-09,002273,BUY,1.6247499
2009-10-09,002272,BUY,6.01084584
2009-10-09,002151,BUY,8.78731956
2009-11-02,002241,SELL_REBAL,1.59943056
2009-11-02,002226,SELL_REBAL,3.06191532
2009-11-02,002206,BUY,2.44334902
2009-11-02,002262,BUY,2.69854025
2009-12-01,002255,SELL_REBAL,11.43833485
2009-12-01,002261,BUY,5.0325121
2010-01-04,002154,SELL_REBAL,3.76014012
2010-01-04,002250,SELL_REBAL,6.97549743
2010-01-04,002261,SELL_REBAL,5.883955
2010-01-04,002226,BUY,4.5685266
2010-01-04,002003,BUY,2.486841
2010-01-04,002249,BUY,4.9010712
2010-02-01,002206,SELL_REBAL,2.8164948
2010-02-01,002151,SELL_REBAL,11.43410256
2010-02-01,000552,BUY,2.7658545
2010-02-01,002230,BUY,3.9600528
2010-03-01,002271,SELL_REBAL,2.1467859
2010-03-01,002250,BUY,7.36021755
2010-04-01,002249,SELL_REBAL,5.82429624
2010-04-01,002230,SELL_REBAL,4.66578288
2010-04-01,002206,BUY,2.94618086
2010-04-01,002154,BUY,3.50515924
2010-05-04,002256,SELL_REBAL,1.51842638
2010-05-04,002266,SELL_REBAL,2.27943387
2010-05-04,002235,SELL_REBAL,5.12559885
2010-05-04,002272,SELL_REBAL,7.72228944
2010-05-04,002262,SELL_REBAL,4.3800015
2010-05-04,002223,SELL_REBAL,7.28588252
2010-05-04,000552,SELL_REBAL,2.73859575
2010-05-04,002003,SELL_REBAL,2.44184102
2010-05-04,002158,BUY,6.0180918
2010-05-04,600985,BUY,4.7657792
2010-05-04,002261,BUY,5.06895286
2010-05-04,002215,BUY,6.2238562
2010-05-04,600436,BUY,9.04989064
2010-05-04,002267,BUY,5.55202816
2010-05-04,002152,BUY,4.159071
2010-05-04,000848,BUY,4.13529696
2010-06-01,002131,SELL_REBAL,0.959991
2010-06-01,600845,SELL_REBAL,2.69868907
2010-06-01,002108,SELL_REBAL,1.38875523
2010-06-01,002226,SELL_REBAL,3.10233625
2010-06-01,002154,SELL_REBAL,3.559798
2010-06-01,002267,SELL_REBAL,5.62638568
2010-06-01,000848,SELL_REBAL,4.191552
2010-06-01,002014,BUY,2.38456586
2010-06-01,600233,BUY,5.0830928
2010-06-01,600742,BUY,3.51888408
2010-06-01,002010,BUY,5.47258504
2010-06-01,002081,BUY,3.11980874
2010-06-01,000887,BUY,5.5950746
2010-06-01,600066,BUY,2.36964456
2010-07-01,600985,SELL_REBAL,3.75539554
2010-07-01,600233,SELL_REBAL,5.2684568
2010-07-01,600742,SELL_REBAL,3.45968454
2010-07-01,002010,SELL_REBAL,5.0192348
2010-07-01,000887,SELL_REBAL,5.15775075
2010-07-01,600066,SELL_REBAL,2.36320968
2010-07-01,002003,BUY,2.01229148
2010-07-01,002255,BUY,9.401652
2010-07-01,002139,BUY,2.80396738
2010-07-01,002249,BUY,5.64114474
2010-07-01,002063,BUY,2.82087042
2010-07-01,000650,BUY,3.97766215
2010-08-02,002261,SELL_REBAL,5.503847
2010-08-02,002250,SELL_REBAL,9.5233515
2010-08-02,002081,SELL_REBAL,3.84720911
2010-08-02,002255,SELL_REBAL,10.14655212
2010-08-02,000650,SELL_REBAL,4.39067376
2010-08-02,002108,BUY,1.9740411
2010-08-02,002154,BUY,4.2014448
2010-08-02,600845,BUY,2.8450926
2010-08-02,002267,BUY,5.78023614
2010-08-02,002191,BUY,3.520737
2010-09-01,002158,SELL_REBAL,6.9853
2010-09-01,002206,SELL_REBAL,2.79060232
2010-09-01,600436,SELL_REBAL,10.38351545
2010-09-01,002152,SELL_REBAL,5.086224
2010-09-01,002249,SELL_REBAL,8.15348457
2010-09-01,002063,SELL_REBAL,3.560706
2010-09-01,002154,SELL_REBAL,4.16476552
2010-09-01,002267,SELL_REBAL,6.30342
2010-09-01,002191,SELL_REBAL,3.67684515
2010-09-01,002219,BUY,2.11187679
2010-09-01,002224,BUY,3.66182544
2010-09-01,002245,BUY,1.9356165
2010-09-01,002285,BUY,4.10451048
2010-09-01,002282,BUY,6.28917973
2010-09-01,002284,BUY,6.02267512
2010-09-01,600985,BUY,5.41475636
2010-09-01,002230,BUY,5.26774554
2010-09-01,002130,BUY,3.6842228
2010-10-08,002219,SELL_REBAL,2.23102898
2010-10-08,002293,BUY,7.8891934
2010-11-01,300008,BUY_SKIP_LIMIT_UP,5.40150492
2010-11-01,300018,BUY_SKIP_LIMIT_UP,7.5342336
2010-11-01,002273,SELL_REBAL,4.64086395
2010-11-01,002285,SELL_REBAL,4.0137645
2010-11-01,002108,SELL_REBAL,2.32613615
2010-11-01,002282,SELL_REBAL,6.55321274
2010-11-01,002215,SELL_REBAL,5.8882499
2010-11-01,002284,SELL_REBAL,6.35297005
2010-11-01,600985,SELL_REBAL,6.2477958
2010-11-01,002153,SELL_REBAL,3.85227167
2010-11-01,002014,SELL_REBAL,3.26682438
2010-11-01,600845,SELL_REBAL,3.01268712
2010-11-01,002230,SELL_REBAL,6.74853525
2010-11-01,002130,SELL_REBAL,6.1903511
2010-11-01,002139,SELL_REBAL,4.87036083
2010-11-01,002003,SELL_REBAL,3.47512324
2010-11-01,002293,SELL_REBAL,7.0103716
2010-11-01,300026,BUY,1.91149994
2010-11-01,300009,BUY,2.07410268
2010-11-01,300012,BUY,2.65657416
2010-11-01,300014,BUY,2.61115888
2010-11-01,300015,BUY,1.32816495
2010-11-01,300006,BUY,3.9396987
2010-11-01,300016,BUY,4.18385529
2010-11-01,300013,BUY,5.50374521
2010-11-01,300024,BUY,3.78552584
2010-11-01,300025,BUY,6.88826475
2010-11-01,300019,BUY,6.62827616
2010-11-01,300001,BUY,5.2577
2010-11-01,300005,BUY,5.63444362
2010-12-01,300005,SELL_REBAL,6.05962246
2010-12-01,300008,BUY,5.18152068
2010-12-01,300011,BUY,8.40436388
2010-12-01,002300,BUY,4.07343474
2011-01-04,002245,SELL_REBAL,2.8389042
2011-01-04,300001,SELL_REBAL,6.354712
2011-01-04,300025,SELL_REBAL,8.3082915
2011-01-04,300024,SELL_REBAL,5.6903564
2011-01-04,300011,SELL_REBAL,10.40210292
2011-01-04,002300,SELL_REBAL,3.83861098
2011-01-04,002323,BUY,3.9200694
2011-01-04,002327,BUY,3.42244578
2011-01-04,300035,BUY,3.72044152
2011-01-04,002317,BUY,6.02219834
2011-01-04,002312,BUY,2.7431404
2011-01-04,300032,BUY,5.48337981
2011-02-01,002335,BUY_SKIP_LIMIT_UP,6.57162376
2011-02-01,300013,SELL_REBAL,4.6547458
2011-02-01,300016,SELL_REBAL,3.45976464
2011-02-01,002050,SELL_REBAL,3.0317954
2011-02-01,300006,SELL_REBAL,4.33890405
2011-02-01,300032,SELL_REBAL,4.70175243
2011-02-01,300043,BUY,2.3441192
2011-02-01,300045,BUY,4.54600531
2011-02-01,002337,BUY,5.0060208
2011-02-01,300037,BUY,5.9781348
2011-03-01,300035,SELL_REBAL,3.5010008
2011-03-01,002312,SELL_REBAL,2.65569304
2011-03-01,002317,SELL_REBAL,5.6273646
2011-03-01,300008,SELL_REBAL,5.4029913
2011-03-01,300037,SELL_REBAL,6.56840013
2011-03-01,300058,BUY,1.80232152
2011-03-01,002348,BUY,2.96345224
2011-03-01,002356,BUY,5.76745195
2011-03-01,300054,BUY,4.1068368
2011-03-01,002351,BUY,3.840238
2011-03-01,002352,BUY,8.16547564
2011-04-01,002252,SELL_REBAL,2.1936376
2011-04-01,002337,SELL_REBAL,5.32648198
2011-04-01,002351,SELL_REBAL,3.8770622
2011-04-01,300059,BUY,0.51610758
2011-04-01,300066,BUY,2.24717798
2011-04-01,002364,BUY,4.17245985
2011-05-03,300026,SELL_REBAL,1.65644584
2011-05-03,300012,SELL_REBAL,1.80204112
2011-05-03,300015,SELL_REBAL,1.05848985
2011-05-03,002323,SELL_REBAL,3.28682742
2011-05-03,300014,SELL_REBAL,1.8353324
2011-05-03,300045,SELL_REBAL,5.1751126
2011-05-03,300058,SELL_REBAL,1.66831992
2011-05-03,002327,SELL_REBAL,3.46818394
2011-05-03,002356,SELL_REBAL,4.80467
2011-05-03,002348,SELL_REBAL,2.92390048
2011-05-03,300054,SELL_REBAL,3.66270729
2011-05-03,300009,SELL_REBAL,1.5441712
2011-05-03,002352,SELL_REBAL,6.91297016
2011-05-03,300019,SELL_REBAL,4.41466784
2011-05-03,300043,SELL_REBAL,2.27050005
2011-05-03,300059,SELL_REBAL,0.46154168
2011-05-03,300066,SELL_REBAL,1.927744
2011-05-03,002364,SELL_REBAL,3.97540629
2011-05-03,002195,BUY,1.175499
2011-05-03,002050,BUY,2.9949906
2011-05-03,002285,BUY,3.27383574
2011-05-03,002310,BUY,5.81349069
2011-05-03,002273,BUY,4.2616755
2011-05-03,002108,BUY,2.13796732
2011-05-03,600845,BUY,2.4637398
2011-05-03,002139,BUY,3.99634561
2011-05-03,002085,BUY,2.11288392
2011-05-03,002206,BUY,3.34294248
2011-05-03,002014,BUY,3.0379908
2011-05-03,002385,BUY,3.22635196
2011-05-03,600982,BUY,3.6294408
2011-05-03,002003,BUY,2.6741146
2011-05-03,002035,BUY,2.6910783
2011-05-03,002267,BUY,6.36015078
2011-05-03,002153,BUY,4.25920692
2011-05-03,600527,BUY,1.96618656
2011-06-01,002236,SELL_REBAL,3.3038336
2011-06-01,002273,SELL_REBAL,3.89814675
2011-06-01,002108,SELL_REBAL,1.83807929
2011-06-01,002206,SELL_REBAL,3.03565974
2011-06-01,002293,BUY,7.927227
2011-06-01,002410,BUY,4.7629274
2011-06-01,002268,BUY,4.71728848
2011-06-01,002406,BUY,5.423303
2011-07-01,002224,SELL_REBAL,3.20410524
2011-07-01,002310,SELL_REBAL,5.9162985
2011-07-01,002139,SELL_REBAL,3.5395639
2011-07-01,002085,SELL_REBAL,1.92702839
2011-07-01,300088,BUY,2.23304724
2011-07-01,002042,BUY,4.3433319
2011-07-01,002424,BUY,5.730257
2011-07-01,002436,BUY,3.75273972
2011-08-01,002014,SELL_REBAL,3.36625692
2011-08-01,002035,SELL_REBAL,2.97693558
2011-08-01,600982,SELL_REBAL,3.59745475
2011-08-01,002406,SELL_REBAL,5.509278
2011-08-01,600527,SELL_REBAL,1.77616064
2011-08-01,002153,SELL_REBAL,4.45751519
2011-08-01,002424,SELL_REBAL,6.1054097
2011-08-01,002445,BUY,4.4577698
2011-08-01,002448,BUY,5.6836175
2011-08-01,002429,BUY,1.81875202
2011-08-01,002453,BUY,8.01246464
2011-08-01,300096,BUY,5.95367888
2011-08-01,002252,BUY,2.03517737
2011-08-01,002236,BUY,3.8325765
2011-09-01,600845,SELL_REBAL,2.04579036
2011-09-01,002436,SELL_REBAL,3.25655908
2011-09-01,002268,SELL_REBAL,5.9270055
2011-09-01,002267,SELL_REBAL,6.05966562
2011-09-01,002385,SELL_REBAL,3.34666544
2011-09-01,002003,SELL_REBAL,2.58349608
2011-09-01,002429,SELL_REBAL,1.65384338
2011-09-01,002453,SELL_REBAL,7.16059264
2011-09-01,300096,SELL_REBAL,5.72212512
2011-09-01,002252,SELL_REBAL,2.02215455
2011-09-01,002236,SELL_REBAL,4.00978165
2011-09-01,002458,BUY,3.32038131
2011-09-01,002372,BUY,1.93172256
2011-09-01,002327,BUY,4.24229052
2011-09-01,300099,BUY,5.2013013
2011-09-01,300113,BUY,4.72674235
2011-09-01,300109,BUY,5.45838538
2011-09-01,300100,BUY,5.286459
2011-09-01,300008,BUY,4.76275401
2011-09-01,002271,BUY,2.07915357
2011-09-01,601000,BUY,1.01449431
2011-09-01,300111,BUY,9.0402914
2011-10-10,300088,SELL_REBAL,1.75328242
2011-10-10,002042,SELL_REBAL,3.60374446
2011-10-10,300113,SELL_REBAL,3.5935812
2011-10-10,300109,SELL_REBAL,4.26486088
2011-10-10,300100,SELL_REBAL,4.7697599
2011-10-10,002271,SELL_REBAL,1.74666024
2011-10-10,601000,SELL_REBAL,0.84743283
2011-10-10,300111,SELL_REBAL,7.15954736
2011-10-10,002475,BUY,1.587093
2011-10-10,002481,BUY,2.64040769
2011-10-10,002484,BUY,4.63481073
2011-10-10,002085,BUY,1.74217732
2011-10-10,002469,BUY,5.83774318
2011-10-10,002474,BUY,5.7449295
2011-10-10,300122,BUY,4.21332151
2011-10-10,300115,BUY,5.162748
2011-11-01,300135,BUY_SKIP_LIMIT_UP,2.33043789
2011-11-01,002448,SELL_REBAL,4.8675
2011-11-01,002293,SELL_REBAL,8.4110967
2011-11-01,002445,SELL_REBAL,3.09092498
2011-11-01,002410,SELL_REBAL,5.53061663
2011-11-01,002085,SELL_REBAL,1.55572356
2011-11-01,002474,SELL_REBAL,6.3275139
2011-11-01,300122,SELL_REBAL,4.37334017
2011-11-01,300115,SELL_REBAL,6.0387024
2011-11-01,300131,BUY,2.25178245
2011-11-01,002489,BUY,1.897999
2011-11-01,002488,BUY,2.6395335
2011-11-01,300133,BUY,4.49906695
2011-11-01,300103,BUY,6.29778237
2011-11-01,300120,BUY,5.68480275
2011-11-01,300130,BUY,4.934496
2011-12-01,300008,SELL_REBAL,3.82498329
2011-12-01,300133,SELL_REBAL,4.53889345
2011-12-01,300103,SELL_REBAL,7.05337369
2011-12-01,300130,SELL_REBAL,5.252016
2011-12-01,002495,BUY,2.02970295
2011-12-01,300138,BUY,5.5797222
2011-12-01,002507,BUY,2.0062832
2011-12-01,300135,BUY,2.84776554
2011-12-01,300109,BUY,4.96278854
2012-01-04,300131,SELL_REBAL,1.60330725
2012-01-04,002489,SELL_REBAL,1.505537
2012-01-04,002488,SELL_REBAL,1.99867932
2012-01-04,002484,SELL_REBAL,3.32191968
2012-01-04,002050,SELL_REBAL,2.2869216
2012-01-04,300120,SELL_REBAL,3.9123693
2012-01-04,002285,SELL_REBAL,1.9699333
2012-01-04,002495,SELL_REBAL,1.56073962
2012-01-04,002517,BUY,2.99665283
2012-01-04,002519,BUY,2.56076656
2012-01-04,300145,BUY,1.658684
2012-01-04,002530,BUY,3.76229876
2012-01-04,300146,BUY,4.56701132
2012-01-04,002522,BUY,3.08512981
2012-01-04,300148,BUY,5.4644772
2012-01-04,002512,BUY,3.36197169
2012-02-01,002475,SELL_REBAL,1.36403034
2012-02-01,300099,SELL_REBAL,3.61972914
2012-02-01,002507,SELL_REBAL,1.851184
2012-02-01,300109,SELL_REBAL,3.52601238
2012-02-01,002469,SELL_REBAL,4.44589978
2012-02-01,002517,SELL_REBAL,2.19869056
2012-02-01,002530,SELL_REBAL,3.40326624
2012-02-01,300146,SELL_REBAL,4.4157
2012-02-01,002522,SELL_REBAL,3.07403887
2012-02-01,300148,SELL_REBAL,4.8281415
2012-02-01,002512,SELL_REBAL,3.49844517
2012-02-01,300166,BUY,2.8400925
2012-02-01,002542,BUY,1.43080136
2012-02-01,002515,BUY,2.4153057
2012-02-01,300173,BUY,2.6614116
2012-02-01,300159,BUY,2.67685224
2012-02-01,300172,BUY,2.49344961
2012-02-01,300174,BUY,4.95864245
2012-02-01,300160,BUY,3.12103022
2012-02-01,300149,BUY,2.66043736
2012-02-01,300170,BUY,2.95218144
2012-02-01,002520,BUY,3.9374769
2012-03-01,002458,SELL_REBAL,3.66037176
2012-03-01,002481,SELL_REBAL,2.08397135
2012-03-01,002327,SELL_REBAL,4.02517245
2012-03-01,300135,SELL_REBAL,2.52587278
2012-03-01,300172,SELL_REBAL,2.86672855
2012-03-01,300149,SELL_REBAL,3.17536072
2012-03-01,300170,SELL_REBAL,3.605394
2012-03-01,002520,SELL_REBAL,4.44993555
2012-03-01,002555,BUY,1.65086216
2012-03-01,300182,BUY,2.36816615
2012-03-01,300151,BUY,2.2475125
2012-03-01,002548,BUY,3.69252949
2012-03-01,300163,BUY,2.73574761
2012-03-01,002495,BUY,1.75351506
2012-03-01,002531,BUY,1.80480924
2012-03-01,002489,BUY,1.708364
2012-04-05,002372,SELL_REBAL,1.65360288
2012-04-05,300138,SELL_REBAL,4.493736
2012-04-05,300174,SELL_REBAL,5.8844248
2012-04-05,300160,SELL_REBAL,3.23473128
2012-04-05,002495,SELL_REBAL,1.67566344
2012-04-05,002531,SELL_REBAL,1.94607636
2012-04-05,002489,SELL_REBAL,2.053005
2012-04-05,002517,BUY,2.3111236
2012-04-05,002568,BUY,1.9176675
2012-04-05,300187,BUY,3.53442375
2012-04-05,002514,BUY,2.6534913
2012-04-05,300131,BUY,1.573506
2012-04-05,002475,BUY,1.38359724
2012-04-05,300179,BUY,2.89378264
2012-05-02,002542,SELL_REBAL,1.71202234
2012-05-02,002555,SELL_REBAL,1.4372522
2012-05-02,300166,SELL_REBAL,2.62478736
2012-05-02,002515,SELL_REBAL,2.56242504
2012-05-02,300159,SELL_REBAL,2.70952168
2012-05-02,300173,SELL_REBAL,2.97683816
2012-05-02,300151,SELL_REBAL,1.97241697
2012-05-02,002519,SELL_REBAL,2.48644352
2012-05-02,300145,SELL_REBAL,1.539552
2012-05-02,300182,SELL_REBAL,2.07056814
2012-05-02,300163,SELL_REBAL,2.389995
2012-05-02,002548,SELL_REBAL,3.62171515
2012-05-02,002517,SELL_REBAL,2.498512
2012-05-02,002568,SELL_REBAL,2.13244626
2012-05-02,300187,SELL_REBAL,3.7469835
2012-05-02,002514,SELL_REBAL,2.83601469
2012-05-02,300131,SELL_REBAL,1.70820765
2012-05-02,300179,SELL_REBAL,2.8022248
2012-05-02,002458,BUY,3.8609085
2012-05-02,002327,BUY,4.00730265
2012-05-02,002085,BUY,1.48871674
2012-05-02,300058,BUY,2.52791708
2012-05-02,002493,BUY,2.39465142
2012-05-02,002293,BUY,6.7329954
2012-05-02,300008,BUY,3.16523774
2012-05-02,300127,BUY,8.5893528
2012-05-02,002429,BUY,1.89962068
2012-05-02,002035,BUY,1.85641973
2012-05-02,300096,BUY,4.79983472
2012-05-02,002410,BUY,4.33690764
2012-05-02,002252,BUY,1.83260017
2012-05-02,600845,BUY,2.2863161
2012-05-02,002014,BUY,3.18663477
2012-05-02,002385,BUY,3.4532832
2012-05-02,002236,BUY,4.11528053
2012-05-02,002408,BUY,4.11633714
2012-06-01,002475,SELL_REBAL,1.52056554
2012-06-01,300127,SELL_REBAL,11.6073356
2012-06-01,002252,SELL_REBAL,1.8304458
2012-06-01,002385,SELL_REBAL,3.31616208
2012-06-01,002236,SELL_REBAL,4.76784
2012-06-01,002408,SELL_REBAL,4.10467062
2012-06-01,300217,BUY,2.25275865
2012-06-01,300210,BUY,4.26123855
2012-06-01,002357,BUY,4.9408085
2012-06-01,002581,BUY,6.31267539
2012-06-01,300224,BUY,7.30414736
2012-06-01,002153,BUY,3.30071868
2012-07-02,300096,SELL_REBAL,4.37262865
2012-07-02,002035,SELL_REBAL,1.88154043
2012-07-02,300058,SELL_REBAL,2.9529888
2012-07-02,002429,SELL_REBAL,1.89147836
2012-07-02,002410,SELL_REBAL,5.74572639
2012-07-02,600845,SELL_REBAL,2.07711585
2012-07-02,002014,SELL_REBAL,3.13869978
2012-07-02,002581,SELL_REBAL,6.19678003
2012-07-02,300224,SELL_REBAL,6.78754168
2012-07-02,002153,SELL_REBAL,3.2802966
2012-07-02,300231,BUY,2.5153983
2012-07-02,300234,BUY,2.70166512
2012-07-02,300226,BUY,2.900086
2012-07-02,300230,BUY,1.68494348
2012-07-02,300192,BUY,2.69893953
2012-07-02,300236,BUY,5.15840416
2012-07-02,002595,BUY,2.5850605
2012-07-02,002588,BUY,3.31891772
2012-07-02,601567,BUY,2.244717
2012-07-02,002563,BUY,3.71076156
2012-08-01,300210,SELL_REBAL,4.71010923
2012-08-01,002327,SELL_REBAL,4.5339109
2012-08-01,002493,SELL_REBAL,1.68073444
2012-08-01,002357,SELL_REBAL,4.5286225
2012-08-01,601567,SELL_REBAL,2.074066
2012-08-01,002563,SELL_REBAL,3.08676698
2012-08-01,300248,BUY,1.98313806
2012-08-01,300246,BUY,3.86741162
2012-08-01,002475,BUY,1.80470664
2012-08-01,300244,BUY,4.40899329
2012-08-01,002597,BUY,4.19478675
2012-08-01,300240,BUY,3.50970018
2012-09-03,300234,SELL_REBAL,2.06277456
2012-09-03,300217,SELL_REBAL,1.6957308
2012-09-03,002293,SELL_REBAL,5.32669628
2012-09-03,300008,SELL_REBAL,2.69645712
2012-09-03,300248,SELL_REBAL,2.07875706
2012-09-03,300246,SELL_REBAL,4.13095948
2012-09-03,300244,SELL_REBAL,5.1294832
2012-09-03,002597,SELL_REBAL,4.50682001
2012-09-03,300240,SELL_REBAL,3.65559033
2012-09-03,300253,BUY,1.16825456
2012-09-03,300259,BUY,1.3364572
2012-09-03,002605,BUY,3.75041156
2012-09-03,300251,BUY,2.1335785
2012-09-03,002546,BUY,2.94344212
2012-09-03,300243,BUY,4.1112545
2012-09-03,300250,BUY,6.64061192
2012-09-03,300197,BUY,3.45372328
2012-09-03,601222,BUY,2.07352445
2012-10-08,002085,SELL_REBAL,1.44064197
2012-10-08,002595,SELL_REBAL,2.83937456
2012-10-08,002458,SELL_REBAL,2.61922258
2012-10-08,002588,SELL_REBAL,3.5551046
2012-10-08,300197,SELL_REBAL,3.50588776
2012-10-08,601222,SELL_REBAL,2.2776538
2012-10-08,300266,BUY,1.2115428
2012-10-08,002615,BUY,2.43206208
2012-10-08,002611,BUY,1.56666612
2012-10-08,300261,BUY,2.93160996
2012-10-08,300263,BUY,2.5258818
2012-10-08,300210,BUY,4.41591696
2012-11-01,300243,SELL_REBAL,3.52343258
2012-11-01,002546,SELL_REBAL,2.85708196
2012-11-01,002475,SELL_REBAL,1.8702099
2012-11-01,300250,SELL_REBAL,7.03405858
2012-11-01,300263,SELL_REBAL,2.5614576
2012-11-01,300210,SELL_REBAL,4.59485865
2012-11-01,300248,BUY,2.1609894
2012-11-01,002622,BUY,1.8929141
2012-11-01,300272,BUY,2.48470594
2012-11-01,300246,BUY,4.59370049
2012-11-01,300222,BUY,3.5437182
2012-11-01,300275,BUY,6.963342
2012-12-03,002195,SELL_REBAL,0.64371104
2012-12-03,002615,SELL_REBAL,1.82759184
2012-12-03,300230,SELL_REBAL,1.24741672
2012-12-03,002622,SELL_REBAL,1.55050385
2012-12-03,300272,SELL_REBAL,1.8625061
2012-12-03,300276,BUY,0.82387098
2012-12-03,002085,BUY,1.09083753
2012-12-03,300267,BUY,1.9513296
2012-12-03,300197,BUY,2.89186836
2012-12-03,002572,BUY,3.08302833
2013-01-04,300251,SELL_REBAL,2.8760475
2013-01-04,300222,SELL_REBAL,3.55795
2013-01-04,300275,SELL_REBAL,7.9321548
2013-01-04,002085,SELL_REBAL,1.2580686
2013-01-04,300267,SELL_REBAL,2.376297
2013-01-04,300197,SELL_REBAL,3.42764104
2013-01-04,002572,SELL_REBAL,4.07046916
2013-01-04,002640,BUY,1.8331152
2013-01-04,300281,BUY,3.1962553
2013-01-04,002634,BUY,2.14403937
2013-01-04,002625,BUY,1.84032676
2013-01-04,300279,BUY,2.86010458
2013-01-04,300217,BUY,1.52320005
2013-01-04,300277,BUY,3.19143432
2013-02-01,300236,SELL_REBAL,5.20544128
2013-02-01,300261,SELL_REBAL,2.81032586
2013-02-01,002611,SELL_REBAL,1.67147829
2013-02-01,002605,SELL_REBAL,4.74047132
2013-02-01,300192,SELL_REBAL,2.82540741
2013-02-01,300246,SELL_REBAL,5.13305425
2013-02-01,300279,SELL_REBAL,2.72707646
2013-02-01,300217,SELL_REBAL,1.5839966
2013-02-01,300277,SELL_REBAL,3.60609864
2013-02-01,300287,BUY,1.52251632
2013-02-01,300285,BUY,3.086554
2013-02-01,300283,BUY,2.72271076
2013-02-01,002652,BUY,2.25472492
2013-02-01,002615,BUY,2.25302544
2013-02-01,002195,BUY,0.85278522
2013-02-01,300286,BUY,4.7385065
2013-02-01,002622,BUY,1.95086045
2013-02-01,300230,BUY,1.56625271
2013-03-01,002634,SELL_REBAL,2.80980849
2013-03-01,300259,SELL_REBAL,1.9109415
2013-03-01,002654,BUY,2.75446626
2013-03-01,300290,BUY,3.0008558
2013-04-01,300287,SELL_REBAL,2.19512369
2013-04-01,300281,SELL_REBAL,3.48596514
2013-04-01,002625,SELL_REBAL,1.97449396
2013-04-01,300230,SELL_REBAL,1.59650722
2013-04-01,300296,BUY,0.6828866
2013-04-01,300302,BUY,2.6289707
2013-04-01,300304,BUY,1.93172105
2013-04-01,300299,BUY,1.94137706
2013-05-02,300266,SELL_REBAL,1.07049
2013-05-02,300276,SELL_REBAL,1.23104421
2013-05-02,300283,SELL_REBAL,2.51175012
2013-05-02,300285,SELL_REBAL,3.2254884
2013-05-02,002654,SELL_REBAL,2.85695932
2013-05-02,002652,SELL_REBAL,2.3628556
2013-05-02,300231,SELL_REBAL,2.5441047
2013-05-02,300253,SELL_REBAL,1.4942134
2013-05-02,002615,SELL_REBAL,2.17502928
2013-05-02,300248,SELL_REBAL,2.02521042
2013-05-02,002622,SELL_REBAL,1.7173191
2013-05-02,300226,SELL_REBAL,2.41950032
2013-05-02,002195,SELL_REBAL,0.66877356
2013-05-02,300286,SELL_REBAL,4.27587125
2013-05-02,002640,SELL_REBAL,2.82659817
2013-05-02,300296,SELL_REBAL,0.77050035
2013-05-02,300302,SELL_REBAL,2.99644561
2013-05-02,300304,SELL_REBAL,1.8618912
2013-05-02,300299,SELL_REBAL,2.23295744
2013-05-02,002546,BUY,2.86889056
2013-05-02,002641,BUY,3.11049231
2013-05-02,002085,BUY,1.31483511
2013-05-02,601515,BUY,3.12048185
2013-05-02,002153,BUY,2.47745358
2013-05-02,300275,BUY,7.91969408
2013-05-02,002467,BUY,3.30054585
2013-05-02,002662,BUY,2.8364949
2013-05-02,300040,BUY,4.54562944
2013-05-02,002429,BUY,1.93014572
2013-05-02,300183,BUY,9.47541847
2013-05-02,002293,BUY,3.9391222
2013-05-02,002035,BUY,2.8336546
2013-05-02,300251,BUY,4.96089075
2013-05-02,300026,BUY,4.27215525
2013-05-02,002033,BUY,4.8642606
2013-05-02,300002,BUY,3.66335866
2013-05-02,002014,BUY,3.08998431
2013-05-02,002358,BUY,6.42147588
2013-06-03,601515,SELL_REBAL,3.27235321
2013-06-03,002153,SELL_REBAL,2.98290006
2013-06-03,002429,SELL_REBAL,2.41993228
2013-06-03,300183,SELL_REBAL,12.38115128
2013-06-03,002293,SELL_REBAL,4.43051832
2013-06-03,300026,SELL_REBAL,4.81429275
2013-06-03,300002,SELL_REBAL,4.49434336
2013-06-03,002358,SELL_REBAL,7.20883746
2013-06-03,002656,BUY,6.99125825
2013-06-03,002044,BUY,2.18158038
2013-06-03,002508,BUY,6.227683
2013-06-03,002327,BUY,3.65764716
2013-06-03,603366,BUY,7.28203905
2013-06-03,300146,BUY,8.70952725
2013-06-03,000987,BUY,2.9219692
2013-06-03,002398,BUY,5.67878164
2013-07-01,603366,SELL_REBAL,6.27790603
2013-07-01,300146,SELL_REBAL,8.71673265
2013-07-01,000987,SELL_REBAL,2.41199424
2013-07-01,002398,SELL_REBAL,4.64567768
2013-07-01,300314,BUY,7.89180245
2013-07-01,002509,BUY,8.783064555292485
2013-07-01,601231,BUY,6.5697731
2013-07-01,600816,BUY,1.7037468
2013-08-01,002153,BUY_SKIP_LIMIT_UP,3.86180568
2013-08-01,002035,SELL_REBAL,2.5727947
2013-08-01,002508,SELL_REBAL,7.55558573
2013-08-01,300040,SELL_REBAL,3.69514752
2013-08-01,002014,SELL_REBAL,2.6098929
2013-08-01,300251,SELL_REBAL,7.0127775
2013-08-01,002033,SELL_REBAL,4.7639515
2013-08-01,002509,SELL_REBAL,9.952818073943178
2013-08-01,601231,SELL_REBAL,8.08143876
2013-08-01,600816,SELL_REBAL,1.85789532
2013-08-01,300343,BUY,4.779535
2013-08-01,002687,BUY,2.3748285
2013-08-01,002686,BUY,4.11390242
2013-08-01,002688,BUY,3.35002525
2013-08-01,300342,BUY,5.63172475
2013-08-01,601515,BUY,2.9893752
2013-08-01,300339,BUY,6.09639288
2013-08-01,002690,BUY,6.7277056
2013-09-02,002085,SELL_REBAL,2.0558682
2013-09-02,300314,SELL_REBAL,10.06674865
2013-09-02,002662,SELL_REBAL,2.7324206
2013-09-02,002327,SELL_REBAL,3.3939161
2013-09-02,002687,SELL_REBAL,2.3194644
2013-09-02,002688,SELL_REBAL,3.3419529
2013-09-02,002690,SELL_REBAL,6.51582656
2013-09-02,300259,BUY,2.2027698
2013-09-02,002661,BUY,7.77756273
2013-09-02,002507,BUY,3.9047694
2013-09-02,002588,BUY,4.57558452
2013-09-02,002692,BUY,3.020094
2013-09-02,300303,BUY,3.52152036
2013-09-02,300017,BUY,3.7054372
2013-09-02,300347,BUY,8.34080352
2013-10-08,300275,SELL_REBAL,7.4055872
2013-10-08,300339,SELL_REBAL,6.4407498
2013-10-08,002467,SELL_REBAL,4.97936579
2013-10-08,300347,SELL_REBAL,9.6137664
2013-10-08,300354,BUY,8.1701235
2013-10-08,300352,BUY,2.99640562
2013-10-08,300353,BUY,5.78362457
2013-10-08,002697,BUY,1.9313624
2013-11-01,002681,BUY_SKIP_LIMIT_UP,3.33861528
2013-11-01,002661,SELL_REBAL,8.13986334
2013-11-01,002692,SELL_REBAL,3.37745
2013-11-01,601515,SELL_REBAL,5.8501692
2013-11-01,300017,SELL_REBAL,4.9086788
2013-11-01,002044,SELL_REBAL,1.87265985
2013-11-01,300354,SELL_REBAL,7.0807737
2013-11-01,300285,BUY,3.8747382
2013-11-01,300286,BUY,7.47852
2013-11-01,002688,BUY,3.52761695
2013-11-01,002695,BUY,5.83991949
2013-11-01,300009,BUY,2.16735486
2013-12-02,002686,SELL_REBAL,6.02019028
2013-12-02,002668,BUY,4.12045053
2013-12-02,002085,BUY,2.85481511
2013-12-02,300043,BUY,3.91301295
2014-01-02,002588,SELL_REBAL,5.91595596
2014-01-02,002085,SELL_REBAL,3.27851474
2014-01-02,002681,BUY,4.85811326
2014-01-02,300355,BUY,4.04834788
2014-02-07,300290,SELL_REBAL,5.6230538
2014-02-07,300043,SELL_REBAL,7.330162
2014-02-07,002686,BUY,5.47780222
2014-02-07,002044,BUY,1.90273176
2014-03-03,002546,SELL_REBAL,3.12701696
2014-03-03,002588,BUY,5.4563082
2014-04-01,300343,SELL_REBAL,3.6485
2014-04-01,300009,SELL_REBAL,2.28728754
2014-04-01,300303,SELL_REBAL,3.91262157
2014-04-01,002085,BUY,3.19282268
2014-04-01,601222,BUY,3.755759
2014-04-01,601515,BUY,5.61990735
2014-05-05,300285,SELL_REBAL,4.0569856
2014-05-05,002681,SELL_REBAL,5.924724
2014-05-05,300259,SELL_REBAL,2.263716
2014-05-05,002686,SELL_REBAL,5.35092782
2014-05-05,300342,SELL_REBAL,6.0968034
2014-05-05,002688,SELL_REBAL,4.09591039
2014-05-05,002507,SELL_REBAL,3.92674989
2014-05-05,300353,SELL_REBAL,4.80943685
2014-05-05,300352,SELL_REBAL,3.66979028
2014-05-05,002695,SELL_REBAL,5.74178876
2014-05-05,002668,SELL_REBAL,3.53324139
2014-05-05,002641,SELL_REBAL,2.63941212
2014-05-05,002656,SELL_REBAL,5.57395685
2014-05-05,300355,SELL_REBAL,3.5591481
2014-05-05,002697,SELL_REBAL,2.462009
2014-05-05,002651,BUY,5.6465175
2014-05-05,002324,BUY,3.2243423
2014-05-05,300015,BUY,1.7208477
2014-05-05,002595,BUY,6.42809066
2014-05-05,002372,BUY,2.20201653
2014-05-05,002327,BUY,2.9883744
2014-05-05,600982,BUY,4.23345254
2014-05-05,002509,BUY,9.25098438913068
2014-05-05,002271,BUY,3.47502744
2014-05-05,002701,BUY,4.7363946
2014-05-05,002671,BUY,8.29896704
2014-05-05,300017,BUY,8.101371
2014-05-05,300012,BUY,4.4113824
2014-05-05,000603,BUY,9.9267
2014-05-05,600816,BUY,2.06748322
2014-06-03,002044,SELL_REBAL,1.68402696
2014-06-03,601222,SELL_REBAL,4.222477
2014-06-03,600982,SELL_REBAL,3.84447162
2014-06-03,002509,SELL_REBAL,9.081515925105657
2014-06-03,002701,SELL_REBAL,4.30511319
2014-06-03,002671,SELL_REBAL,8.27972682
2014-06-03,300017,SELL_REBAL,7.7227392
2014-06-03,000603,SELL_REBAL,10.153596
2014-06-03,300303,BUY,3.53008776
2014-06-03,002035,BUY,3.1482912
2014-06-03,002033,BUY,4.82465452
2014-06-03,600070,BUY,5.469999999999999
2014-06-03,603766,BUY,2.58542802
2014-06-03,002360,BUY,4.87512837
2014-06-03,002690,BUY,9.95412836
2014-06-03,000789,BUY,3.021663
2014-07-01,600816,SELL_REBAL,1.9403783
2014-07-01,002035,SELL_REBAL,3.08283168
2014-07-01,600070,SELL_REBAL,6.11
2014-07-01,002690,SELL_REBAL,10.1085446
2014-07-01,300009,BUY,2.47644434
2014-07-01,002293,BUY,4.40353216
2014-07-01,002572,BUY,5.59502104
2014-07-01,600987,BUY,2.511278
2014-08-01,601515,SELL_REBAL,5.14672173
2014-08-01,002360,SELL_REBAL,5.17606222
2014-08-01,002572,SELL_REBAL,6.20482321
2014-08-01,600987,SELL_REBAL,3.5157892
2014-08-01,002044,BUY,2.00044944
2014-08-01,601222,BUY,4.81488804
2014-08-01,300182,BUY,4.49477244
2014-08-01,002701,BUY,3.91847436
2014-09-01,002033,SELL_REBAL,5.52808438
2014-09-01,002085,SELL_REBAL,3.73395217
2014-09-01,002293,SELL_REBAL,4.58252
2014-09-01,000789,SELL_REBAL,3.28845121
2014-09-01,603766,SELL_REBAL,3.98774496
2014-09-01,601222,SELL_REBAL,5.84855514
2014-09-01,300182,SELL_REBAL,4.91313404
2014-09-01,002701,SELL_REBAL,4.16287818
2014-09-01,603077,BUY,1.1386586
2014-09-01,002507,BUY,4.229975
2014-09-01,300145,BUY,3.47732592
2014-09-01,300253,BUY,5.23234855
2014-09-01,000719,BUY,7.3954656
2014-09-01,002035,BUY,3.48805728
2014-09-01,002245,BUY,2.9858327
2014-09-01,600105,BUY,2.91888939
2014-10-08,600816,BUY_SKIP_LIMIT_UP,3.24534048
2014-10-08,002044,SELL_REBAL,2.76646176
2014-10-08,002324,SELL_REBAL,4.9725523
2014-10-08,002595,SELL_REBAL,8.1916897
2014-10-08,000719,SELL_REBAL,7.69333852
2014-10-08,000672,BUY,3.87700218
2014-10-08,002568,BUY,9.13257824
2014-10-08,601515,BUY,6.25501284
2014-11-03,002507,SELL_REBAL,4.50576937
2014-11-03,300012,SELL_REBAL,4.52110856
2014-11-03,600105,SELL_REBAL,3.43030386
2014-11-03,002568,SELL_REBAL,10.29474
2014-11-03,601515,SELL_REBAL,5.77930798
2014-11-03,002677,BUY,4.1971538
2014-11-03,300259,BUY,3.27657655
2014-11-03,300196,BUY,9.05041257
2014-11-03,002033,BUY,5.65923232
2014-11-03,601965,BUY,7.25099064
2014-11-03,300017,BUY,6.5588512
2014-12-01,002651,SELL_REBAL,10.3160486
2014-12-01,002701,BUY,4.54951701
2015-01-05,300009,SELL_REBAL,3.09251844
2015-01-05,300196,SELL_REBAL,10.17576277
2015-01-05,002033,SELL_REBAL,6.18382408
2015-01-05,300017,SELL_REBAL,6.5588512
2015-01-05,002649,BUY,9.24139184
2015-01-05,002568,BUY,8.87864132
2015-01-05,300182,BUY,4.80069936
2015-01-05,600114,BUY,7.2660105
2015-02-02,002245,SELL_REBAL,3.98800823
2015-02-02,002271,SELL_REBAL,5.78829402
2015-02-02,002035,SELL_REBAL,4.36708512
2015-02-02,300253,SELL_REBAL,10.8275035
2015-02-02,002372,SELL_REBAL,3.51370662
2015-02-02,601965,SELL_REBAL,7.10268696
2015-02-02,002701,SELL_REBAL,4.77989766
2015-02-02,002588,SELL_REBAL,7.59984225
2015-02-02,002649,SELL_REBAL,12.15500536
2015-02-02,002568,SELL_REBAL,12.76090216
2015-02-02,300182,SELL_REBAL,5.34979896
2015-02-02,300382,BUY,5.09642434
2015-02-02,002706,BUY,3.82654008
2015-02-02,002709,BUY,2.1991824
2015-02-02,300376,BUY,3.32288605
2015-02-02,300375,BUY,6.2518764
2015-02-02,300383,BUY,5.27667084
2015-02-02,300381,BUY,9.29130228
2015-02-02,300296,BUY,3.36800322
2015-02-02,300373,BUY,9.44403675
2015-02-02,300360,BUY,9.87000029
2015-02-02,002324,BUY,6.19944837
2015-03-02,600114,SELL_REBAL,8.00337601
2015-03-02,300373,SELL_REBAL,10.9558077
2015-03-02,300360,SELL_REBAL,10.54229868
2015-03-02,002651,BUY,9.46118723
2015-03-02,600105,BUY,3.55554822
2015-03-02,002293,BUY,6.43924928
2015-04-01,300381,SELL_REBAL,11.74699164
2015-04-01,300383,SELL_REBAL,11.78805936
2015-04-01,000672,SELL_REBAL,5.73147258
2015-04-01,002651,SELL_REBAL,10.46393601
2015-04-01,002293,SELL_REBAL,7.89918624
2015-04-01,300370,BUY,6.470028
2015-04-01,300009,BUY,4.56241918
2015-04-01,002271,BUY,6.2629605
2015-04-01,002035,BUY,4.70373408
2015-04-01,002372,BUY,3.94825008
2015-05-04,002706,SELL_REBAL,4.2036904
2015-05-04,002709,SELL_REBAL,2.90402208
2015-05-04,300376,SELL_REBAL,4.9628721
2015-05-04,002677,SELL_REBAL,6.8857593
2015-05-04,603077,SELL_REBAL,2.75602096
2015-05-04,300259,SELL_REBAL,5.0189701
2015-05-04,300296,SELL_REBAL,4.56216877
2015-05-04,300145,SELL_REBAL,5.55934536
2015-05-04,002327,SELL_REBAL,6.423873
2015-05-04,002324,SELL_REBAL,8.41835613
2015-05-04,600105,SELL_REBAL,5.57685303
2015-05-04,300370,SELL_REBAL,6.958332
2015-05-04,002271,SELL_REBAL,6.4534131
2015-05-04,300365,BUY,9.12227281
2015-05-04,600742,BUY,8.0699544
2015-05-04,600816,BUY,4.92212256
2015-05-04,000789,BUY,5.68005209
2015-05-04,002085,BUY,7.92707322
2015-05-04,002662,BUY,7.74929675
2015-05-04,601222,BUY,8.80951122
2015-05-04,000848,BUY,8.267881
2015-05-04,600987,BUY,6.91286344
2015-05-04,002701,BUY,8.18443892
2015-05-04,300039,BUY,9.0762097
2015-05-04,600548,BUY,6.4535499
2015-05-04,600177,BUY,5.6319756
2015-06-01,300382,SELL_REBAL,14.63879263
2015-06-01,300375,SELL_REBAL,10.67862088
2015-06-01,002035,SELL_REBAL,6.701808
2015-06-01,300015,SELL_REBAL,4.08007128
2015-06-01,300303,SELL_REBAL,7.94186694
2015-06-01,300365,SELL_REBAL,13.45104637
2015-06-01,002085,SELL_REBAL,10.4788728
2015-06-01,002662,SELL_REBAL,7.6606127
2015-06-01,601222,SELL_REBAL,11.24363052
2015-06-01,000848,SELL_REBAL,10.17665088
2015-06-01,002701,SELL_REBAL,10.12225872
2015-06-01,300039,SELL_REBAL,13.42754778
2015-06-01,600548,SELL_REBAL,6.6044748
2015-06-01,600177,SELL_REBAL,6.23219084
2015-06-01,600452,BUY,3.46588574
2015-06-01,603766,BUY,9.45419742
2015-06-01,600252,BUY,7.742034
2015-06-01,600398,BUY,8.99320825
2015-06-01,601006,BUY,6.59169108
2015-07-01,002271,BUY,7.31419752
2015-07-01,000531,BUY,9.01366635
2015-07-01,002293,BUY,8.95087402
2015-07-01,600867,BUY,9.78493308
2015-07-01,000828,BUY,9.90215187
2015-07-01,601515,BUY,9.28992546
2015-07-01,600660,BUY,9.536707
2015-07-01,000625,BUY,8.74923784
2015-07-01,600674,BUY,8.43226561
2015-08-03,600252,SELL_REBAL,7.17596184
2015-08-03,600398,SELL_REBAL,8.5310186
2015-08-03,601006,SELL_REBAL,5.54778
2015-08-03,002293,SELL_REBAL,9.92842524
2015-08-03,600867,SELL_REBAL,9.15013668
2015-08-03,000828,SELL_REBAL,7.84764753
2015-08-03,601515,SELL_REBAL,7.23060755
2015-08-03,600660,SELL_REBAL,9.5506292
2015-08-03,000625,SELL_REBAL,7.4225616
2015-08-03,600674,SELL_REBAL,8.56188199
2015-08-03,300390,BUY,4.3807012
2015-08-03,300382,BUY,6.7334908
2015-08-03,002035,BUY,4.15109496
2015-08-03,300303,BUY,4.37479678
2015-08-03,002469,BUY,6.88702894
2015-08-03,002158,BUY,8.1136712
2015-08-03,300015,BUY,3.75194998
2015-08-03,002085,BUY,6.96812699
2015-08-03,600197,BUY,8.9663532
2015-08-03,002701,BUY,8.99539208
2015-09-01,600742,SELL_REBAL,4.53963146
2015-09-01,000789,SELL_REBAL,3.15293895
2015-09-01,000531,SELL_REBAL,5.1988937
2015-09-01,300382,SELL_REBAL,5.6553757
2015-09-01,002469,SELL_REBAL,5.68263526
2015-09-01,002085,SELL_REBAL,5.272956
2015-09-01,600197,SELL_REBAL,8.37135096
2015-09-01,002701,SELL_REBAL,6.9045008
2015-09-01,002706,BUY,3.845842
2015-09-01,300357,BUY,9.742734
2015-09-01,000700,BUY,5.7160257
2015-09-01,603369,BUY,8.1675255
2015-09-01,002099,BUY,7.80389496
2015-09-01,600885,BUY,9.1000555
2015-09-01,002489,BUY,5.20378059
2015-09-01,002588,BUY,9.00196031
2015-10-08,300303,SELL_REBAL,3.72581412
2015-10-08,002158,SELL_REBAL,7.11292525
2015-10-08,600816,SELL_REBAL,5.23631262
2015-10-08,300357,SELL_REBAL,10.87461045
2015-10-08,000700,SELL_REBAL,5.96745226
2015-10-08,002489,SELL_REBAL,5.92396665
2015-10-08,603806,BUY,4.83434973
2015-10-08,000811,BUY,5.20336986
2015-10-08,601222,BUY,6.7706457
2015-10-08,002367,BUY,8.80990551
2015-10-08,300039,BUY,7.66071418
2015-10-08,000848,BUY,6.44713962
2015-11-02,002035,SELL_REBAL,4.35738026
2015-11-02,002588,SELL_REBAL,11.50655527
2015-11-02,000811,SELL_REBAL,6.16456074
2015-11-02,300039,SELL_REBAL,8.36190872
2015-11-02,000848,SELL_REBAL,6.81816335
2015-11-02,300382,BUY,7.42575418
2015-11-02,300393,BUY,6.8234216
2015-11-02,300403,BUY,7.72462195
2015-11-02,600438,BUY,5.13188214
2015-11-02,600236,BUY,3.92705105
2015-12-01,300009,SELL_REBAL,8.64597759
2015-12-01,603369,SELL_REBAL,12.00499775
2015-12-01,002271,SELL_REBAL,5.73847008
2015-12-01,002099,SELL_REBAL,8.55655488
2015-12-01,002367,SELL_REBAL,10.30558305
2015-12-01,603766,SELL_REBAL,7.26218376
2015-12-01,300382,SELL_REBAL,8.322292
2015-12-01,600438,SELL_REBAL,5.25744516
2015-12-01,002677,BUY,8.69048124
2015-12-01,002662,BUY,6.87480607
2015-12-01,002701,BUY,9.0540152
2015-12-01,600499,BUY,9.04626226
2015-12-01,600816,BUY,6.19879344
2015-12-01,600572,BUY,6.7561959
2015-12-01,000600,BUY,8.28119348
2015-12-01,600004,BUY,8.03327796
2016-01-04,600452,SELL_REBAL,3.82783687
2016-01-04,600499,SELL_REBAL,8.47281982
2016-01-04,600816,SELL_REBAL,7.11957834
2016-01-04,000600,SELL_REBAL,7.80958111
2016-01-04,600004,SELL_REBAL,7.78261104
2016-01-04,002158,BUY,8.9573494
2016-01-04,002440,BUY,8.22036071
2016-01-04,300039,BUY,8.191525
2016-01-04,000848,BUY,7.16509463
2016-01-04,002293,BUY,9.04917526
2016-02-01,002372,SELL_REBAL,3.58530117
2016-02-01,002677,SELL_REBAL,5.7218669
2016-02-01,600987,SELL_REBAL,4.14022483
2016-02-01,600885,SELL_REBAL,7.0263775
2016-02-01,002662,SELL_REBAL,6.011698
2016-02-01,002701,SELL_REBAL,7.13573644
2016-02-01,600572,SELL_REBAL,4.93176012
2016-02-01,002440,SELL_REBAL,6.27658293
2016-02-01,300039,SELL_REBAL,6.33696374
2016-02-01,000848,SELL_REBAL,5.81591743
2016-02-01,002293,SELL_REBAL,6.553416
2016-02-01,300382,BUY,5.7310329
2016-02-01,300416,BUY,7.7050843
2016-02-01,603601,BUY,4.58428752
2016-02-01,002139,BUY,4.25963103
2016-02-01,300395,BUY,7.5700716
2016-02-01,300415,BUY,6.548334
2016-02-01,300009,BUY,6.50433423
2016-02-01,002327,BUY,4.7510716
2016-02-01,603369,BUY,8.4204725
2016-02-01,002382,BUY,9.63846748
2016-02-01,300026,BUY,4.21389204
2016-03-01,601222,SELL_REBAL,6.37437045
2016-03-01,300015,SELL_REBAL,3.105368
2016-03-01,600236,SELL_REBAL,2.7390792
2016-03-01,002327,SELL_REBAL,4.6203603
2016-03-01,603369,SELL_REBAL,9.30911525
2016-03-01,300026,SELL_REBAL,3.92799376
2016-03-01,300394,BUY,4.74787568
2016-03-01,300421,BUY,8.71847064
2016-03-01,300357,BUY,9.1409769
2016-03-01,603969,BUY,4.9586705
2016-03-01,603939,BUY,7.60019
2016-03-01,002195,BUY,4.1374336
2016-04-01,002139,SELL_REBAL,4.95735262
2016-04-01,300421,SELL_REBAL,12.85387317
2016-04-01,300357,SELL_REBAL,10.4591115
2016-04-01,002195,SELL_REBAL,4.45608272
2016-04-01,002749,BUY,8.6456862
2016-04-01,300412,BUY,8.00840755
2016-04-01,600452,BUY,3.55084533
2016-04-01,002372,BUY,4.86483327
2016-05-03,002706,SELL_REBAL,5.6793009
2016-05-03,300382,SELL_REBAL,6.36277052
2016-05-03,300416,SELL_REBAL,8.74192374
2016-05-03,300390,SELL_REBAL,5.6313987
2016-05-03,300393,SELL_REBAL,7.7057606
2016-05-03,300403,SELL_REBAL,8.75824075
2016-05-03,603969,SELL_REBAL,5.7087215
2016-05-03,300395,SELL_REBAL,8.46017892
2016-05-03,300415,SELL_REBAL,7.269876
2016-05-03,603939,SELL_REBAL,9.4417745
2016-05-03,300009,SELL_REBAL,7.75218598
2016-05-03,002382,SELL_REBAL,11.3977303
2016-05-03,002158,SELL_REBAL,9.2535343
2016-05-03,300412,SELL_REBAL,8.50909686
2016-05-03,600452,SELL_REBAL,4.10133692
2016-05-03,603010,BUY,9.35830224
2016-05-03,600483,BUY,6.91926822
2016-05-03,002327,BUY,4.9272477
2016-05-03,002677,BUY,7.2631816
2016-05-03,002271,BUY,5.0270409
2016-05-03,300015,BUY,3.5822638
2016-05-03,300296,BUY,8.55819441
2016-05-03,300026,BUY,4.48735996
2016-05-03,600236,BUY,3.1852171
2016-05-03,600987,BUY,6.15701968
2016-05-03,600658,BUY,6.88635318
2016-05-03,603766,BUY,5.40109737
2016-05-03,600885,BUY,8.8718205
2016-05-03,000848,BUY,6.58687583
2016-05-03,002419,BUY,7.14369966
2016-06-01,603601,SELL_REBAL,6.14969244
2016-06-01,002372,SELL_REBAL,4.7786607
2016-06-01,600483,SELL_REBAL,6.36274333
2016-06-01,002327,SELL_REBAL,4.6658251
2016-06-01,002271,SELL_REBAL,4.6448682
2016-06-01,300296,SELL_REBAL,9.15442446
2016-06-01,300026,SELL_REBAL,4.4223153
2016-06-01,600750,BUY,9.7223152
2016-06-01,600273,BUY,5.31146523
2016-06-01,002317,BUY,9.31424967
2016-06-01,002293,BUY,7.0832299
2016-06-01,002108,BUY,9.1314072
2016-06-01,000902,BUY,9.49168246
2016-06-01,600816,BUY,5.8927297
2016-07-01,603010,SELL_REBAL,10.10860344
2016-07-01,300015,SELL_REBAL,3.98485258
2016-07-01,600885,SELL_REBAL,10.0241271
2016-07-01,000848,SELL_REBAL,7.52909895
2016-07-01,600750,SELL_REBAL,10.19860878
2016-07-01,002317,SELL_REBAL,10.33206024
2016-07-01,002108,SELL_REBAL,9.68902182
2016-07-01,000902,SELL_REBAL,10.6760576
2016-07-01,600816,SELL_REBAL,6.0559239
2016-07-01,002706,BUY,5.6259329
2016-07-01,603669,BUY,9.1237734
2016-07-01,603568,BUY,7.3380489
2016-07-01,002324,BUY,7.37085921
2016-07-01,300432,BUY,9.91419301
2016-07-01,002027,BUY,6.8526519
2016-07-01,000899,BUY,6.988819
2016-07-01,002382,BUY,9.9777111
2016-07-01,000966,BUY,5.84951145
2016-08-01,002419,SELL_REBAL,6.3994124
2016-08-01,002324,SELL_REBAL,7.22983833
2016-08-01,000966,SELL_REBAL,6.11251274
2016-08-01,002714,BUY,5.3179043
2016-08-01,600483,BUY,6.58476798
2016-08-01,002372,BUY,5.3826155
2016-09-01,002382,SELL_REBAL,10.488699
2016-09-01,603766,SELL_REBAL,6.49294272
2016-09-01,002293,SELL_REBAL,7.5595065
2016-09-01,300403,BUY,9.95367835
2016-09-01,300450,BUY,9.24816484
2016-09-01,300015,BUY,3.93050124
2016-10-10,603601,BUY_SKIP_LIMIT_UP,6.7404864
2016-10-10,002749,SELL_REBAL,10.1590086
2016-10-10,603669,SELL_REBAL,10.2697546
2016-10-10,600658,SELL_REBAL,7.5605782
2016-10-10,300403,SELL_REBAL,11.53597284
2016-10-10,300412,BUY,9.53611656
2016-10-10,002709,BUY,8.29789865
2016-10-10,002367,BUY,9.25587974
2016-11-01,300450,SELL_REBAL,10.15615593
2016-11-01,600483,SELL_REBAL,6.7775784
2016-11-01,000899,SELL_REBAL,7.81925514
2016-11-01,002372,SELL_REBAL,5.669595
2016-11-01,600236,SELL_REBAL,3.58723443
2016-11-01,002709,SELL_REBAL,10.54290765
2016-11-01,002367,SELL_REBAL,9.15728182
2016-11-01,603889,BUY,4.39613566
2016-11-01,300376,BUY,6.3184485
2016-11-01,603601,BUY,6.63867697
2016-11-01,603939,BUY,9.7867062
2016-11-01,002003,BUY,4.4329784
2016-11-01,002124,BUY,5.96583702
2016-11-01,002507,BUY,6.47082368
2016-11-01,300009,BUY,7.4619972
2016-12-01,300412,SELL_REBAL,10.1897484
2016-12-01,603939,SELL_REBAL,9.587932
2016-12-01,002091,BUY,7.59908748
2016-12-01,002688,BUY,8.84352832
2017-01-03,300376,SELL_REBAL,11.0365395
2017-01-03,300432,SELL_REBAL,6.44991111
2017-01-03,002027,SELL_REBAL,5.9172503
2017-01-03,002091,SELL_REBAL,7.22774397
2017-01-03,002688,SELL_REBAL,8.40630164
2017-01-03,002749,BUY,9.09769845
2017-01-03,603669,BUY,9.6086116
2017-01-03,002020,BUY,7.54748912
2017-01-03,002372,BUY,5.52610525
2017-01-03,002367,BUY,8.20827684
2017-02-03,600273,SELL_REBAL,6.09932163
2017-02-03,600987,SELL_REBAL,5.59359073
2017-02-03,002020,SELL_REBAL,7.48779896
2017-02-03,002372,SELL_REBAL,5.51210625
2017-02-03,002367,SELL_REBAL,8.49174586
2017-02-03,300412,BUY,8.3962464
2017-02-03,603866,BUY,9.99519976
2017-02-03,300403,BUY,9.90552878
2017-02-03,002709,BUY,7.40334891
2017-02-03,300357,BUY,9.94390248
2017-03-01,603866,SELL_REBAL,10.0561461
2017-03-01,300357,SELL_REBAL,10.17266436
2017-03-01,300432,BUY,5.93688005
2017-03-01,300450,BUY,9.88927037
2017-04-05,300432,SELL_REBAL,7.26705852
2017-04-05,300450,SELL_REBAL,13.1122036
2017-04-05,603027,BUY,4.19437312
2017-04-05,600273,BUY,6.05992881
2017-05-02,300412,SELL_REBAL,7.4662824
2017-05-02,300403,SELL_REBAL,9.0036777
2017-05-02,603889,SELL_REBAL,4.50159525
2017-05-02,603669,SELL_REBAL,8.342995
2017-05-02,002706,SELL_REBAL,5.3107138
2017-05-02,603601,SELL_REBAL,5.80664818
2017-05-02,002003,SELL_REBAL,4.1257707
2017-05-02,002709,SELL_REBAL,6.97507027
2017-05-02,002124,SELL_REBAL,4.21973838
2017-05-02,300009,SELL_REBAL,6.01697552
2017-05-02,002677,SELL_REBAL,10.75656348
2017-05-02,603027,SELL_REBAL,4.38899392
2017-05-02,603025,BUY,9.8080464
2017-05-02,603866,BUY,8.66844482
2017-05-02,002367,BUY,7.87550886
2017-05-02,600987,BUY,5.74016834
2017-05-02,603766,BUY,6.31155843
2017-05-02,002001,BUY,5.72297143
2017-05-02,000848,BUY,6.65864616
2017-05-02,002372,BUY,7.44721644
2017-05-02,601515,BUY,6.10036544
2017-05-02,600894,BUY,8.58575124
2017-05-02,600183,BUY,6.69950841
2017-05-02,002563,BUY,5.80473
2017-06-01,002749,SELL_REBAL,6.82393656
2017-06-01,300394,SELL_REBAL,4.37022432
2017-06-01,603806,SELL_REBAL,4.69801588
2017-06-01,002507,SELL_REBAL,7.1006591
2017-06-01,603025,SELL_REBAL,8.45104272
2017-06-01,600987,SELL_REBAL,5.8158213
2017-06-01,000848,SELL_REBAL,6.2265966
2017-06-01,002327,BUY,4.78663744
2017-06-01,000055,BUY,6.13979289
2017-06-01,600346,BUY,4.35892712
2017-06-01,002091,BUY,6.47853095
2017-06-01,002601,BUY,9.27410928
2017-06-01,601012,BUY,4.17543891
2017-06-01,002050,BUY,7.0242568
2017-07-03,002001,SELL_REBAL,6.36951045
2017-07-03,601515,SELL_REBAL,6.0802311
2017-07-03,600894,SELL_REBAL,8.1261026
2017-07-03,002372,SELL_REBAL,8.88423432
2017-07-03,600183,SELL_REBAL,6.8466351
2017-07-03,002563,SELL_REBAL,5.5080438
2017-07-03,603766,SELL_REBAL,5.79404175
2017-07-03,002601,SELL_REBAL,10.38421128
2017-07-03,601012,SELL_REBAL,4.93817859
2017-07-03,002050,SELL_REBAL,8.70098075
2017-07-03,300507,BUY,7.670691
2017-07-03,300432,BUY,6.68864847
2017-07-03,002709,BUY,7.322544
2017-07-03,002124,BUY,3.97064663
2017-07-03,002615,BUY,9.50179335
2017-07-03,002677,BUY,9.74311208
2017-07-03,300009,BUY,6.43020482
2017-07-03,600507,BUY,3.39279004
2017-07-03,600285,BUY,8.31106576
2017-07-03,002157,BUY,4.29384811
2017-08-01,000055,SELL_REBAL,7.3535759
2017-08-01,600346,SELL_REBAL,5.47601016
2017-08-01,300015,SELL_REBAL,3.90068666
2017-08-01,002091,SELL_REBAL,7.5950286
2017-08-01,600507,SELL_REBAL,4.44195092
2017-08-01,600285,SELL_REBAL,8.03133104
2017-08-01,002157,SELL_REBAL,4.37731384
2017-08-01,002749,BUY,6.9647724
2017-08-01,300394,BUY,4.28929424
2017-08-01,002790,BUY,9.6376645
2017-08-01,002746,BUY,7.24495347
2017-08-01,603025,BUY,8.59211736
2017-08-01,603806,BUY,5.09434428
2017-08-01,600987,BUY,6.69496212
2017-09-01,002677,SELL_REBAL,10.9382858
2017-09-01,002367,SELL_REBAL,6.85871781
2017-09-01,002714,SELL_REBAL,8.73087374
2017-09-01,002790,SELL_REBAL,10.74678589
2017-09-01,603806,SELL_REBAL,4.71935664
2017-09-01,600987,SELL_REBAL,6.29403726
2017-09-01,603027,BUY,4.37272023
2017-09-01,002003,BUY,4.2324672
2017-09-01,300395,BUY,9.56394945
2017-09-01,000429,BUY,5.3947146
2017-09-01,002171,BUY,7.91370957
2017-09-01,600114,BUY,9.36234008
2017-10-09,603025,SELL_REBAL,10.36562712
2017-10-09,002327,SELL_REBAL,5.38541475
2017-10-09,600273,SELL_REBAL,6.02860001
2017-10-09,300395,SELL_REBAL,10.68090705
2017-10-09,002171,SELL_REBAL,7.82576576
2017-10-09,600114,SELL_REBAL,10.01681646
2017-10-09,600750,BUY,9.9331581
2017-10-09,002648,BUY,5.255216
2017-10-09,000055,BUY,6.94602832
2017-10-09,300015,BUY,4.2647957
2017-10-09,002091,BUY,7.91504385
2017-10-09,000036,BUY,5.78133945
2017-11-01,002746,SELL_REBAL,5.93033659
2017-11-01,002615,SELL_REBAL,8.01792855
2017-11-01,002003,SELL_REBAL,4.178304
2017-11-01,000429,SELL_REBAL,5.1853307
2017-11-01,300009,SELL_REBAL,7.39977732
2017-11-01,600750,SELL_REBAL,10.1954197
2017-11-01,002648,SELL_REBAL,4.7168768
2017-11-01,000055,SELL_REBAL,6.48532236
2017-11-01,300015,SELL_REBAL,4.6693613
2017-11-01,002091,SELL_REBAL,7.1256729
2017-11-01,000036,SELL_REBAL,5.3503974
2017-11-01,300559,BUY,7.14987
2017-11-01,603737,BUY,8.49276836
2017-11-01,002790,BUY,9.84937713
2017-11-01,603738,BUY,9.97323624
2017-11-01,603701,BUY,9.70695072
2017-11-01,300451,BUY,4.56197274
2017-11-01,603889,BUY,4.29360075
2017-11-01,002734,BUY,9.2292291
2017-11-01,002763,BUY,9.88704873
2017-11-01,300230,BUY,6.58381986
2017-11-01,002706,BUY,4.9606032
2017-12-01,002124,SELL_REBAL,3.91692875
2017-12-01,002706,SELL_REBAL,5.1715132
2017-12-01,300568,BUY,6.11272035
2017-12-01,603060,BUY,5.7837577
2018-01-02,002793,BUY_SKIP_LIMIT_UP,9.5259554
2018-01-02,300507,SELL_REBAL,4.4586402
2018-01-02,300432,SELL_REBAL,4.7642234
2018-01-02,002709,SELL_REBAL,8.3272248
2018-01-02,300230,SELL_REBAL,5.97380346
2018-01-02,300568,SELL_REBAL,5.92382565
2018-01-02,300581,BUY,5.2873421
2018-01-02,002837,BUY,3.46800346
2018-01-02,603928,BUY,7.63788771
2018-01-02,603298,BUY,6.8481321
2018-02-01,603866,SELL_REBAL,9.58175062
2018-02-01,603027,SELL_REBAL,4.02869178
2018-02-01,603889,SELL_REBAL,4.34708505
2018-02-01,002734,SELL_REBAL,8.52039552
2018-02-01,603568,SELL_REBAL,6.67212022
2018-02-01,002763,SELL_REBAL,8.05061754
2018-02-01,603298,SELL_REBAL,6.1712094
2018-02-01,300586,BUY,3.89364654
2018-02-01,300587,BUY,2.45883555
2018-02-01,300575,BUY,6.179613
2018-02-01,603038,BUY,9.78819415
2018-02-01,300561,BUY,9.8682558
2018-02-01,603638,BUY,6.09838944
2018-02-01,002832,BUY,9.4326185
2018-02-01,603037,BUY,7.26449206
2018-03-01,002837,SELL_REBAL,3.61264541
2018-03-01,300394,SELL_REBAL,3.41929588
2018-03-01,002790,SELL_REBAL,7.32462502
2018-03-01,300451,SELL_REBAL,5.17963498
2018-03-01,300561,SELL_REBAL,9.32574721
2018-03-01,603360,BUY,3.13329564
2018-03-01,300576,BUY,4.9357068
2018-03-01,603663,BUY,4.58779716
2018-03-01,002847,BUY,9.79234677
2018-03-01,002846,BUY,8.77743575
2018-04-02,300507,BUY_SKIP_LIMIT_UP,5.571258
2018-04-02,300581,SELL_REBAL,5.47945453
2018-04-02,300586,SELL_REBAL,6.31432074
2018-04-02,300575,SELL_REBAL,6.2198565
2018-04-02,300559,SELL_REBAL,9.848895
2018-04-02,300576,SELL_REBAL,5.84113116
2018-04-02,002847,SELL_REBAL,11.20971497
2018-04-02,300622,BUY,5.51970408
2018-04-02,603811,BUY,4.593015
2018-04-02,300522,BUY,7.21544684
2018-04-02,300623,BUY,9.91106984
2018-04-02,002793,BUY,9.0474461
2018-05-02,300587,SELL_REBAL,2.42279588
2018-05-02,603360,SELL_REBAL,3.09940552
2018-05-02,603663,SELL_REBAL,5.21138124
2018-05-02,603737,SELL_REBAL,7.59061031
2018-05-02,603038,SELL_REBAL,9.57387321
2018-05-02,603738,SELL_REBAL,9.64354248
2018-05-02,002832,SELL_REBAL,11.0854136
2018-05-02,603701,SELL_REBAL,7.25363904
2018-05-02,603928,SELL_REBAL,7.22100495
2018-05-02,002846,SELL_REBAL,9.4273912
2018-05-02,300622,SELL_REBAL,5.207268
2018-05-02,603811,SELL_REBAL,4.8211035
2018-05-02,300522,SELL_REBAL,7.20151068
2018-05-02,300623,SELL_REBAL,10.27339804
2018-05-02,300640,BUY,8.1370806
2018-05-02,002860,BUY,9.036066
2018-05-02,603027,BUY,4.46639507
2018-05-02,300595,BUY,9.61917855
2018-05-02,002818,BUY,9.9820668
2018-05-02,603568,BUY,7.94928113
2018-05-02,002709,BUY,6.9824448
2018-05-02,600167,BUY,7.18568879
2018-05-02,002867,BUY,8.98310804
2018-05-02,002003,BUY,4.603872
2018-05-02,000429,BUY,4.96978845
2018-05-02,002117,BUY,8.40676434
2018-05-02,000055,BUY,5.43987422
2018-05-02,000789,BUY,7.0244034
2018-05-02,002595,BUY,8.6012641
2018-06-01,300640,SELL_REBAL,10.16126346
2018-06-01,002860,SELL_REBAL,8.484606
2018-06-01,603568,SELL_REBAL,7.22544938
2018-06-01,600167,SELL_REBAL,7.01980802
2018-06-01,002867,SELL_REBAL,10.6039747
2018-06-01,002003,SELL_REBAL,4.777968
2018-06-01,000055,SELL_REBAL,5.63478828
2018-06-01,002595,SELL_REBAL,9.34109311
2018-06-01,603319,BUY,7.58052852
2018-06-01,300627,BUY,8.01914844
2018-06-01,300231,BUY,7.19980492
2018-06-01,002327,BUY,7.29238825
2018-06-01,000672,BUY,5.36890345
2018-06-01,600545,BUY,8.21670455
2018-06-01,601515,BUY,5.09774746
2018-06-01,002233,BUY,7.1863848
2018-07-02,603037,SELL_REBAL,7.01080191
2018-07-02,002793,SELL_REBAL,7.3457321
2018-07-02,002709,SELL_REBAL,6.5729376
2018-07-02,300595,SELL_REBAL,11.28033
2018-07-02,000789,SELL_REBAL,5.8077328
2018-07-02,000672,SELL_REBAL,5.1612663
2018-07-02,600545,SELL_REBAL,7.6780648
2018-07-02,601515,SELL_REBAL,4.21406426
2018-07-02,002233,SELL_REBAL,7.034292
2018-07-02,603226,BUY,5.8061029
2018-07-02,603326,BUY,6.01774056
2018-07-02,603429,BUY,8.49646518
2018-07-02,603203,BUY,9.01185058
2018-07-02,603798,BUY,9.45141321
2018-07-02,300481,BUY,9.98711395
2018-07-02,000785,BUY,6.66661874
2018-07-02,600681,BUY,5.59084104
2018-07-02,600987,BUY,4.69280856
2018-08-01,300231,SELL_REBAL,6.4602736
2018-08-01,000429,SELL_REBAL,4.8375679
2018-08-01,002117,SELL_REBAL,7.47155604
2018-08-01,002327,SELL_REBAL,5.70889823
2018-08-01,603429,SELL_REBAL,10.94516346
2018-08-01,300481,SELL_REBAL,10.39860019
2018-08-01,000785,SELL_REBAL,7.02579268
2018-08-01,600681,SELL_REBAL,6.04143308
2018-08-01,600987,SELL_REBAL,4.5294513
2018-08-01,603617,BUY,6.33088137
2018-08-01,603730,BUY,3.80983955
2018-08-01,002860,BUY,8.126157
2018-08-01,300640,BUY,7.564744
2018-08-01,002884,BUY,5.96761344
2018-08-01,603357,BUY,8.93103794
2018-08-01,300677,BUY,7.37853228
2018-08-01,300497,BUY,9.35328792
2018-08-01,300446,BUY,9.63998516
2018-09-03,603638,SELL_REBAL,9.5415642
2018-09-03,300627,SELL_REBAL,7.4300958
2018-09-03,603798,SELL_REBAL,7.76033397
2018-09-03,002818,SELL_REBAL,9.0592932
2018-09-03,603730,SELL_REBAL,3.32631178
2018-09-03,002860,SELL_REBAL,6.802653
2018-09-03,300640,SELL_REBAL,6.1494048
2018-09-03,002884,SELL_REBAL,5.11546725
2018-09-03,603357,SELL_REBAL,8.774029
2018-09-03,300677,SELL_REBAL,5.8657788
2018-09-03,300497,SELL_REBAL,9.3380214
2018-09-03,300446,SELL_REBAL,8.99009852
2018-09-03,002892,BUY,3.12541
2018-09-03,603360,BUY,2.732375
2018-09-03,603663,BUY,4.30684992
2018-09-03,603811,BUY,4.48599528
2018-09-03,603037,BUY,6.31714259
2018-09-03,603086,BUY,5.661456
2018-09-03,603880,BUY,6.7581783
2018-09-03,603928,BUY,7.06900244
2018-09-03,603127,BUY,8.88918705
2018-09-03,603938,BUY,9.6974592
2018-09-03,603181,BUY,4.99840335
2018-09-03,300623,BUY,8.75714724
2018-10-08,603617,SELL_REBAL,5.40936054
2018-10-08,603326,SELL_REBAL,5.11451496
2018-10-08,603880,SELL_REBAL,5.76432855
2018-10-08,603938,SELL_REBAL,8.22768804
2018-10-08,603181,SELL_REBAL,4.59354825
2018-10-08,300703,BUY,8.43861726
2018-10-08,603055,BUY,6.87691038
2018-10-08,002832,BUY,9.02543936
2018-10-08,603496,BUY,9.623208
2018-10-08,603298,BUY,5.17155874
2018-11-01,603319,SELL_REBAL,5.83159424
2018-11-01,603037,SELL_REBAL,5.39403359
2018-11-01,603928,SELL_REBAL,6.23942534
2018-11-01,300623,SELL_REBAL,6.20786808
2018-11-01,603027,SELL_REBAL,3.73353388
2018-11-01,002749,SELL_REBAL,5.78997238
2018-11-01,300703,SELL_REBAL,8.91336366
2018-11-01,603055,SELL_REBAL,6.69960514
2018-11-01,002832,SELL_REBAL,8.68583418
2018-11-01,603496,SELL_REBAL,10.0945488
2018-11-01,603298,SELL_REBAL,4.78125242
2018-11-01,603499,BUY,4.8026864
2018-11-01,603136,BUY,7.631052
2018-11-01,300638,BUY,4.1147117
2018-11-01,300701,BUY,8.5114784
2018-11-01,603208,BUY,8.9770842
2018-11-01,002871,BUY,9.7792389
2018-11-01,002860,BUY,7.102017
2018-11-01,603985,BUY,5.32250724
2018-11-01,300661,BUY,9.38875466
2018-11-01,603183,BUY,5.54932685
2018-11-01,603701,BUY,6.2346088
2018-12-03,603086,SELL_REBAL,5.80063346
2018-12-03,603203,SELL_REBAL,9.02009564
2018-12-03,603127,SELL_REBAL,9.12372552
2018-12-03,603208,SELL_REBAL,10.6799616
2018-12-03,300661,SELL_REBAL,10.7178776
2018-12-03,603183,SELL_REBAL,5.3587554
2018-12-03,603701,SELL_REBAL,6.5649192
2018-12-03,300622,BUY,4.5096534
2018-12-03,300722,BUY,8.53642857
2018-12-03,300720,BUY,8.69079855
2018-12-03,603617,BUY,6.99623937
2018-12-03,603880,BUY,5.91451029
2018-12-03,300715,BUY,9.4031874
2018-12-03,603326,BUY,5.93870832
2019-01-02,300701,SELL_REBAL,8.6705202
2019-01-02,002860,SELL_REBAL,7.551063
2019-01-02,603985,SELL_REBAL,5.8479777
2019-01-02,603880,SELL_REBAL,5.22544113
2019-01-02,603326,SELL_REBAL,6.22096632
2019-01-02,603809,BUY,2.6355098
2019-01-02,603730,BUY,3.13320007
2019-01-02,300640,BUY,5.8077712
2019-01-02,603165,BUY,7.39352284
2019-01-02,603037,BUY,5.53557697
2019-02-01,603060,SELL_REBAL,5.60895024
2019-02-01,300715,SELL_REBAL,10.07680755
2019-02-01,603165,SELL_REBAL,8.31096728
2019-02-01,603037,SELL_REBAL,5.82481779
2019-02-01,300729,BUY,6.87675976
2019-02-01,002917,BUY,7.59276658
2019-02-01,002923,BUY,6.69849057
2019-02-01,603283,BUY,7.66035456
2019-03-01,603136,SELL_REBAL,10.0359896
2019-03-01,300638,SELL_REBAL,7.28143438
2019-03-01,002917,SELL_REBAL,11.03409244
2019-03-01,603283,SELL_REBAL,9.46073737
2019-03-01,603871,BUY,3.23863243
2019-03-01,300701,BUY,9.6549341
2019-03-01,603183,BUY,4.96339075
2019-03-01,603880,BUY,5.73782589
2019-04-01,002892,SELL_REBAL,6.710786
2019-04-01,300722,SELL_REBAL,10.45009548
2019-04-01,002871,SELL_REBAL,10.55645352
2019-04-01,603360,SELL_REBAL,5.9959237
2019-04-01,300701,SELL_REBAL,10.666769
2019-04-01,300700,BUY,7.35145581
2019-04-01,002860,BUY,8.937591
2019-04-01,603037,BUY,6.72023352
2019-04-01,603165,BUY,9.80242776
2019-04-01,603060,BUY,6.86491122
2019-05-06,603226,SELL_REBAL,8.40178592
2019-05-06,300622,SELL_REBAL,4.74587334
2019-05-06,603499,SELL_REBAL,7.5943584
2019-05-06,603617,SELL_REBAL,7.43537565
2019-05-06,300729,SELL_REBAL,7.4378616
2019-05-06,603663,SELL_REBAL,4.4115303
2019-05-06,603809,SELL_REBAL,2.83264025
2019-05-06,300720,SELL_REBAL,7.6522329
2019-05-06,603730,SELL_REBAL,3.892174
2019-05-06,002923,SELL_REBAL,8.12630133
2019-05-06,603183,SELL_REBAL,4.1243075
2019-05-06,603880,SELL_REBAL,5.22985824
2019-05-06,300700,SELL_REBAL,5.97627619
2019-05-06,002860,SELL_REBAL,7.161102
2019-05-06,603089,BUY,8.95837208
2019-05-06,603040,BUY,9.382751
2019-05-06,300575,BUY,8.54082688
2019-05-06,300638,BUY,7.979143
2019-05-06,300525,BUY,5.594013
2019-05-06,002884,BUY,7.45174647
2019-05-06,603203,BUY,8.92527745
2019-05-06,603181,BUY,5.8859703
2019-05-06,300547,BUY,9.82158378
2019-05-06,603912,BUY,6.41343403
2019-05-06,002818,BUY,8.45774896
2019-05-06,603277,BUY,4.97084224
2019-05-06,603701,BUY,5.9713927
2019-05-06,002749,BUY,6.36275088
2019-06-03,603181,SELL_REBAL,6.31410375
2019-06-03,300547,SELL_REBAL,8.9880684
2019-06-03,002818,SELL_REBAL,8.05468944
2019-06-03,603701,SELL_REBAL,9.496424
2019-06-03,002749,SELL_REBAL,6.54209486
2019-06-03,300701,BUY,9.4410503
2019-06-03,603283,BUY,9.85930225
2019-06-03,603360,BUY,5.5937181
2019-06-03,603086,BUY,6.99661604
2019-06-03,002833,BUY,9.257096
2019-07-01,603040,SELL_REBAL,10.47002535
2019-07-01,603089,SELL_REBAL,10.04479532
2019-07-01,603203,SELL_REBAL,9.33753045
2019-07-01,603277,SELL_REBAL,5.12634304
2019-07-01,300701,SELL_REBAL,10.43910806
2019-07-01,603283,SELL_REBAL,14.59379495
2019-07-01,603086,SELL_REBAL,7.14522926
2019-07-01,603730,BUY,3.59148475
2019-07-01,300722,BUY,9.58985232
2019-07-01,603505,BUY,5.09343902
2019-07-01,300394,BUY,5.64925644
2019-07-01,603801,BUY,8.1779322
2019-07-01,300452,BUY,8.56342695
2019-07-01,603298,BUY,5.58810392
2019-08-01,300638,SELL_REBAL,10.04183635
2019-08-01,603360,SELL_REBAL,7.4386177
2019-08-01,300394,SELL_REBAL,6.3243606
2019-08-01,002932,BUY,9.75113358
2019-08-01,603181,BUY,6.52678935
2019-08-01,300547,BUY,8.80481652
2019-09-02,300722,SELL_REBAL,10.68716016
2019-09-02,603037,SELL_REBAL,5.495061
2019-09-02,300575,SELL_REBAL,6.41932633
2019-09-02,603801,SELL_REBAL,7.97149896
2019-09-02,603181,SELL_REBAL,6.76606065
2019-09-02,300547,SELL_REBAL,8.34232368
2019-09-02,300701,BUY,9.3997522
2019-09-02,603089,BUY,8.83996138
2019-09-02,603326,BUY,6.7544208
2019-09-02,603203,BUY,9.3907952
2019-09-02,603277,BUY,4.85902908
2019-09-02,300703,BUY,9.03567216
2019-10-08,300525,SELL_REBAL,9.6422286
2019-10-08,300701,SELL_REBAL,10.973279
2019-10-08,300703,SELL_REBAL,10.19688304
2019-10-08,603360,BUY,7.1273734
2019-10-08,002810,BUY,7.16452938
2019-10-08,300394,BUY,6.5139966
2019-11-01,002932,SELL_REBAL,8.91510498
2019-11-01,603089,SELL_REBAL,8.58274964
2019-11-01,603912,SELL_REBAL,6.71859272
2019-11-01,300452,SELL_REBAL,8.51628882
2019-11-01,603298,SELL_REBAL,5.43191468
2019-11-01,002810,SELL_REBAL,8.74637919
2019-11-01,300394,SELL_REBAL,6.65053452
2019-11-01,002892,BUY,6.2413674
2019-11-01,300697,BUY,6.75410021
2019-11-01,300638,BUY,9.87716042
2019-11-01,300575,BUY,6.9101676
2019-11-01,603033,BUY,6.04154369
2019-11-01,002923,BUY,8.8252416
2019-11-01,603801,BUY,7.77300546
2019-12-02,603203,SELL_REBAL,9.39915
2019-12-02,603326,SELL_REBAL,8.1830208
2019-12-02,603060,SELL_REBAL,7.2005324
2019-12-02,300638,SELL_REBAL,10.04353404
2019-12-02,603639,BUY,9.87827232
2019-12-02,603187,BUY,8.7449761
2019-12-02,603181,BUY,6.9300058
2019-12-02,300371,BUY,9.15632718
2020-01-02,002833,SELL_REBAL,10.25759
2020-01-02,603639,SELL_REBAL,10.19457168
2020-01-02,603187,SELL_REBAL,10.08964695
2020-01-02,300371,SELL_REBAL,10.25388364
2020-01-02,300452,BUY,8.03443238
2020-01-02,300394,BUY,7.2725406
2020-01-02,300547,BUY,8.47321788
2020-01-02,600452,BUY,4.40552076
2020-02-03,603165,SELL_REBAL,7.80102733
2020-02-03,300547,SELL_REBAL,7.26899124
2020-02-03,603136,BUY,8.80066016
2020-02-03,603040,BUY,9.9370449
2020-02-03,603365,BUY,9.60287424
2020-03-02,300394,SELL_REBAL,9.73211952
2020-03-02,603040,SELL_REBAL,10.78480575
2020-03-02,603365,SELL_REBAL,10.51399032
2020-03-02,300758,BUY,9.481598
2020-03-02,300525,BUY,9.2926614
2020-03-02,002810,BUY,9.92597166
2020-04-01,603033,SELL_REBAL,7.49790797
2020-04-01,600452,SELL_REBAL,3.87629376
2020-04-01,300525,SELL_REBAL,9.45579276
2020-04-01,002810,SELL_REBAL,8.76268692
2020-04-01,002833,BUY,9.0069725
2020-04-01,603187,BUY,9.6311665
2020-04-01,300703,BUY,9.27154312
2020-04-01,300371,BUY,9.11873963
2020-05-06,603988,BUY_SKIP_LIMIT_UP,9.80947328
2020-05-06,603136,SELL_REBAL,9.92905952
2020-05-06,300697,SELL_REBAL,6.04562816
2020-05-06,002923,SELL_REBAL,8.322912
2020-05-06,300640,SELL_REBAL,10.5239169
2020-05-06,300758,SELL_REBAL,9.481598
2020-05-06,300575,SELL_REBAL,8.3856462
2020-05-06,603801,SELL_REBAL,9.16642983
2020-05-06,300452,SELL_REBAL,13.95288648
2020-05-06,603187,SELL_REBAL,12.4028146
2020-05-06,300703,SELL_REBAL,9.1173198
2020-05-06,300371,SELL_REBAL,10.0734634
2020-05-06,603519,BUY,6.3419586
2020-05-06,002749,BUY,6.86300657
2020-05-06,300179,BUY,5.633613
2020-05-06,002818,BUY,7.5894854
2020-05-06,002746,BUY,7.70088514
2020-05-06,002182,BUY,6.17009481
2020-05-06,600052,BUY,3.58173996
2020-05-06,603298,BUY,5.74429316
2020-05-06,600987,BUY,4.04759583
2020-05-06,603669,BUY,7.30616709
2020-06-01,603811,SELL_REBAL,6.19616353
2020-06-01,002833,SELL_REBAL,10.217166
2020-06-01,002884,SELL_REBAL,8.05018064
2020-06-01,603669,SELL_REBAL,7.5131784
2020-06-01,603327,BUY,9.12229824
2020-06-01,002860,BUY,9.98755268
2020-06-01,600452,BUY,4.66660608
2020-06-01,603165,BUY,8.40074058
2020-06-01,002677,BUY,8.717352
2020-07-01,603730,SELL_REBAL,4.9132124
2020-07-01,603181,SELL_REBAL,10.04987001
2020-07-01,603505,SELL_REBAL,5.76706164
2020-07-01,002860,SELL_REBAL,10.86520547
2020-07-01,600989,BUY,7.3845902
2020-07-01,000848,BUY,5.9680758
2020-07-01,002035,BUY,8.66103252
2020-07-01,002440,BUY,7.59499324
2020-08-03,603277,SELL_REBAL,6.0605537
2020-08-03,603327,SELL_REBAL,10.65359312
2020-08-03,603165,SELL_REBAL,10.28927916
2020-08-03,002677,SELL_REBAL,10.7565897
2020-08-03,002818,SELL_REBAL,10.3554633
2020-08-03,002182,SELL_REBAL,8.7946357
2020-08-03,300640,BUY,8.47967032
2020-08-03,603811,BUY,8.99730332
2020-08-03,002884,BUY,9.25509452
2020-08-03,000717,BUY,4.1658078
2020-08-03,002110,BUY,5.95331937
2020-08-03,600273,BUY,9.42001434
2020-09-01,603519,SELL_REBAL,7.7586096
2020-09-01,300179,SELL_REBAL,5.7624865
2020-09-01,600452,SELL_REBAL,6.27029585
2020-09-01,600052,SELL_REBAL,3.45382245
2020-09-01,600987,SELL_REBAL,4.45120368
2020-09-01,600989,SELL_REBAL,11.11621152
2020-09-01,603298,SELL_REBAL,10.44454625
2020-09-01,002440,SELL_REBAL,8.23069752
2020-09-01,002884,SELL_REBAL,11.51941742
2020-09-01,002110,SELL_REBAL,5.72276205
2020-09-01,002909,BUY,7.85819335
2020-09-01,603505,BUY,6.213312
2020-09-01,002003,BUY,3.726765
2020-09-01,002381,BUY,9.02758978
2020-09-01,002014,BUY,7.24599007
2020-09-01,002443,BUY,6.92385886
2020-09-01,600846,BUY,8.41060352
2020-09-01,002489,BUY,4.40355717
2020-09-01,601225,BUY,5.3627112
2020-10-09,000717,SELL_REBAL,3.8141487
2020-10-09,600273,SELL_REBAL,7.80162975
2020-10-09,002489,SELL_REBAL,4.07260089
2020-10-09,601225,SELL_REBAL,5.8490355
2020-10-09,603327,BUY,8.9477088
2020-10-09,002960,BUY,9.1475844
2020-10-09,002860,BUY,9.67459122
2020-10-09,603326,BUY,9.06382948
2020-10-09,002182,BUY,6.62021396
2020-11-02,300403,BUY_SKIP_LIMIT_UP,7.2012626
2020-11-02,300640,SELL_REBAL,9.1123406
2020-11-02,002443,SELL_REBAL,5.9481853
2020-11-02,600846,SELL_REBAL,7.11599616
2020-11-02,002035,SELL_REBAL,7.64946405
2020-11-02,000848,SELL_REBAL,5.695674
2020-11-02,002860,SELL_REBAL,8.9125981
2020-11-02,603326,SELL_REBAL,10.5893442
2020-11-02,002182,SELL_REBAL,6.91106018
2020-11-02,603823,BUY,9.9995786
2020-11-02,300587,BUY,5.32011996
2020-11-02,002088,BUY,5.8642109
2020-11-02,603165,BUY,9.4426929
2020-11-02,603277,BUY,6.14860675
2020-11-02,600051,BUY,8.36405577
2020-11-02,002394,BUY,8.6613072
2020-12-01,002960,SELL_REBAL,10.06234284
2020-12-01,603823,SELL_REBAL,10.83346572
2020-12-01,300403,BUY,6.75877538
2020-12-01,603730,BUY,7.509249
2020-12-01,000966,BUY,3.90558276
2021-01-04,603327,SELL_REBAL,7.15816704
2021-01-04,603730,SELL_REBAL,6.731964
2021-01-04,000966,SELL_REBAL,3.89586738
2021-01-04,300765,BUY,6.49506956
2021-01-04,002443,BUY,5.49458268
2021-01-04,600802,BUY,8.00336251
2021-02-01,603360,SELL_REBAL,4.61569266
2021-02-01,002749,SELL_REBAL,6.60024295
2021-02-01,002746,SELL_REBAL,5.66722052
2021-02-01,600051,SELL_REBAL,7.13589324
2021-02-01,600802,SELL_REBAL,6.75557883
2021-02-01,300811,BUY,9.433406
2021-02-01,603823,BUY,9.4695656
2021-02-01,600668,BUY,9.5457054
2021-02-01,002035,BUY,6.56265495
2021-02-01,000848,BUY,5.200398
2021-03-01,300811,SELL_REBAL,10.0983838
2021-03-01,603823,SELL_REBAL,10.43065584
2021-03-01,600668,SELL_REBAL,10.19249385
2021-03-01,000848,SELL_REBAL,5.2499256
2021-03-01,300371,BUY,9.75832236
2021-03-01,603551,BUY,8.48982762
2021-03-01,603730,BUY,5.60997
2021-03-01,000966,BUY,3.60440598
2021-04-01,002088,SELL_REBAL,9.39887747
2021-04-01,002443,SELL_REBAL,6.26485128
2021-04-01,002014,SELL_REBAL,6.26431487
2021-04-01,603277,SELL_REBAL,8.37268575
2021-04-01,002035,SELL_REBAL,6.46233411
2021-04-01,603730,SELL_REBAL,5.368899
2021-04-01,000966,SELL_REBAL,7.66543482
2021-04-01,603327,BUY,6.2015624
2021-04-01,603360,BUY,4.44790685
2021-04-01,300394,BUY,7.90440383
2021-04-01,002749,BUY,7.33655146
2021-04-01,002746,BUY,6.2812633
2021-04-01,600051,BUY,7.45862208
2021-04-01,603600,BUY,9.60623669
2021-05-06,300765,SELL_REBAL,5.9960656
2021-05-06,603551,SELL_REBAL,8.52400567
2021-05-06,300403,SELL_REBAL,5.72856075
2021-05-06,002394,SELL_REBAL,6.97068666
2021-05-06,603327,SELL_REBAL,5.42680722
2021-05-06,603360,SELL_REBAL,4.34343644
2021-05-06,300394,SELL_REBAL,8.22570551
2021-05-06,002749,SELL_REBAL,6.62014318
2021-05-06,002746,SELL_REBAL,5.90382416
2021-05-06,600051,SELL_REBAL,6.06909513
2021-05-06,603600,SELL_REBAL,9.29870763
2021-05-06,002960,BUY,9.49249332
2021-05-06,002763,BUY,6.5060475
2021-05-06,603089,BUY,8.45888665
2021-05-06,002469,BUY,4.62271194
2021-05-06,300453,BUY,8.72071779
2021-05-06,603326,BUY,8.85285404
2021-05-06,002107,BUY,6.70824088
2021-05-06,600724,BUY,2.90432423
2021-05-06,002020,BUY,7.71977276
2021-05-06,002567,BUY,6.9699609
2021-05-06,002641,BUY,6.2239968
2021-06-01,603165,SELL_REBAL,11.26377888
2021-06-01,603089,SELL_REBAL,9.0790784
2021-06-01,300453,SELL_REBAL,10.34523186
2021-06-01,002020,SELL_REBAL,7.94218045
2021-06-01,002567,SELL_REBAL,6.77074716
2021-06-01,002641,SELL_REBAL,5.7886875
2021-06-01,002987,BUY,6.7376512
2021-06-01,603683,BUY,8.11776966
2021-06-01,002443,BUY,5.45178998
2021-06-01,002014,BUY,5.72501732
2021-06-01,300259,BUY,3.71341842
2021-06-01,002582,BUY,8.01172668
2021-07-01,300371,SELL_REBAL,10.06693596
2021-07-01,002909,SELL_REBAL,6.318821
2021-07-01,300587,SELL_REBAL,7.45091736
2021-07-01,002107,SELL_REBAL,6.92775138
2021-07-01,600724,SELL_REBAL,2.96111442
2021-07-01,603683,SELL_REBAL,7.56631278
2021-07-01,603327,BUY,5.42680722
2021-07-01,603360,BUY,4.51434162
2021-07-01,300697,BUY,8.55467704
2021-07-01,300559,BUY,8.53334622
2021-07-01,300394,BUY,8.43161802
2021-07-01,000589,BUY,4.22497359
2021-08-02,603505,SELL_REBAL,10.53923494
2021-08-02,300259,SELL_REBAL,4.04081958
2021-08-02,300697,SELL_REBAL,10.52883328
2021-08-02,300559,SELL_REBAL,10.8814482
2021-08-02,300394,SELL_REBAL,12.6700833
2021-08-02,300848,BUY,9.73569575
2021-08-02,300856,BUY,9.06624852
2021-08-02,300453,BUY,8.32648425
2021-08-02,603165,BUY,9.27470832
2021-08-02,002105,BUY,7.48454483
2021-09-01,002960,SELL_REBAL,10.32256292
2021-09-01,002381,SELL_REBAL,6.62483984
2021-09-01,002582,SELL_REBAL,6.46522716
2021-09-01,000589,SELL_REBAL,4.05223191
2021-09-01,002003,SELL_REBAL,5.3138685
2021-09-01,300848,SELL_REBAL,11.6132225
2021-09-01,300622,BUY,9.37183576
2021-09-01,605158,BUY,8.01331938
2021-09-01,300452,BUY,9.6098752
2021-09-01,000779,BUY,8.8176654
2021-09-01,002818,BUY,8.83766748
2021-09-01,600368,BUY,2.40764232
2021-10-08,603165,SELL_REBAL,10.22732832
2021-10-08,002105,SELL_REBAL,8.17528032
2021-10-08,002443,SELL_REBAL,5.35071306
2021-10-08,300622,SELL_REBAL,10.51474256
2021-10-08,600368,SELL_REBAL,2.4555556
2021-10-08,300893,BUY,6.83767258
2021-10-08,603319,BUY,9.843936
2021-10-08,603565,BUY,9.77064228
2021-10-08,605066,BUY,9.55750593
2021-10-08,300403,BUY,5.47791552
2021-11-01,300856,SELL_REBAL,11.36417604
2021-11-01,603871,SELL_REBAL,3.77416187
2021-11-01,300452,SELL_REBAL,10.1035808
2021-11-01,000779,SELL_REBAL,7.9435831
2021-11-01,603811,SELL_REBAL,5.78126585
2021-11-01,603326,SELL_REBAL,7.61221776
2021-11-01,605066,SELL_REBAL,7.88161164
2021-11-01,300848,BUY,9.3909805
2021-11-01,300371,BUY,9.98129304
2021-11-01,300701,BUY,9.869944
2021-11-01,603357,BUY,5.92149082
2021-11-01,603058,BUY,6.63162101
2021-11-01,002327,BUY,5.78171115
2021-11-01,002107,BUY,5.43507998
2021-12-01,300893,SELL_REBAL,12.2113099
2021-12-01,603319,SELL_REBAL,16.1502075
2021-12-01,300848,SELL_REBAL,11.22165275
2021-12-01,300371,SELL_REBAL,12.55836636
2021-12-01,300701,SELL_REBAL,11.7841535
2021-12-01,002443,BUY,5.5680009
2021-12-01,000589,BUY,4.16739303
2021-12-01,300259,BUY,4.3509891
2021-12-01,002105,BUY,9.46213
2021-12-01,600173,BUY,5.79078192
2022-01-04,300259,SELL_REBAL,4.55776878
2022-01-04,002105,SELL_REBAL,10.39888087
2022-01-04,600173,SELL_REBAL,6.14800548
2022-01-04,605500,BUY,7.97590716
2022-01-04,605377,BUY,8.35602768
2022-01-04,603811,BUY,7.4933925
2022-02-07,603357,SELL_REBAL,8.15418408
2022-02-07,002327,SELL_REBAL,6.25456485
2022-02-07,002107,SELL_REBAL,6.04970938
2022-02-07,002443,SELL_REBAL,7.4692695
2022-02-07,603058,SELL_REBAL,7.40423705
2022-02-07,000589,SELL_REBAL,3.8866878
2022-02-07,300938,BUY,8.5421946
2022-02-07,300848,BUY,9.759123
2022-02-07,605368,BUY,7.08920184
2022-02-07,605277,BUY,9.13374396
2022-02-07,300932,BUY,8.3624778
2022-02-07,300622,BUY,9.05380952
2022-03-01,300848,SELL_REBAL,10.1808135
2022-03-01,605155,BUY,9.946734
2022-04-01,603811,SELL_REBAL,7.5206412
2022-04-01,603565,SELL_REBAL,8.84864196
2022-04-01,300453,SELL_REBAL,7.48364013
2022-04-01,300403,SELL_REBAL,4.98881592
2022-04-01,002818,SELL_REBAL,8.29316664
2022-04-01,002469,SELL_REBAL,4.70993292
2022-04-01,002014,SELL_REBAL,5.9057394
2022-04-01,300893,BUY,7.71014506
2022-04-01,605298,BUY,9.73954774
2022-04-01,300822,BUY,9.1990795
2022-04-01,603408,BUY,9.8237886
2022-04-01,300701,BUY,9.068647
2022-04-01,603319,BUY,9.31584985
2022-04-01,603926,BUY,9.69991675
2022-05-05,605366,BUY_SKIP_LIMIT_UP,8.95268484
2022-05-05,300938,SELL_REBAL,10.1814
2022-05-05,605155,SELL_REBAL,8.9520606
2022-05-05,605500,SELL_REBAL,6.44730112
2022-05-05,300932,SELL_REBAL,5.53028013
2022-05-05,603327,SELL_REBAL,5.36353169
2022-05-05,002987,SELL_REBAL,4.8520216
2022-05-05,605158,SELL_REBAL,5.47071976
2022-05-05,300622,SELL_REBAL,10.59424912
2022-05-05,002763,SELL_REBAL,5.7340564
2022-05-05,300893,SELL_REBAL,6.57328698
2022-05-05,300822,SELL_REBAL,7.41009275
2022-05-05,603408,SELL_REBAL,8.8653702
2022-05-05,603319,SELL_REBAL,8.1930259
2022-05-05,603926,SELL_REBAL,8.18714995
2022-05-05,603095,BUY,8.830334
2022-05-05,003025,BUY,9.72921
2022-05-05,603040,BUY,9.34338552
2022-05-05,603871,BUY,4.3801157
2022-05-05,002749,BUY,6.85707717
2022-05-05,002105,BUY,6.78434721
2022-05-05,603823,BUY,8.465143
2022-05-05,002107,BUY,5.03540786
2022-05-05,002327,BUY,5.7458889
2022-05-05,300121,BUY,8.45926194
2022-05-05,600571,BUY,7.92021416
2022-05-05,300502,BUY,8.57915776
2022-05-05,002270,BUY,5.02002963
2022-06-01,605277,SELL_REBAL,7.95037406
2022-06-01,605377,SELL_REBAL,7.59037356
2022-06-01,003025,SELL_REBAL,10.2762486
2022-06-01,603040,SELL_REBAL,10.3850046
2022-06-01,603823,SELL_REBAL,9.01876902
2022-06-01,002270,SELL_REBAL,6.8075732
2022-06-01,603811,BUY,5.92659225
2022-06-01,600817,BUY,8.2204618
2022-06-01,300453,BUY,6.57613992
2022-06-01,002469,BUY,4.42347426
2022-06-01,002818,BUY,8.91696936
2022-06-01,002014,BUY,5.4215152
2022-06-01,603565,BUY,9.32215886
2022-07-01,002553,BUY_SKIP_LIMIT_UP,9.8975275
2022-07-01,605298,SELL_REBAL,10.280379
2022-07-01,603360,SELL_REBAL,4.69846626
2022-07-01,300701,SELL_REBAL,9.33858976
2022-07-01,300121,SELL_REBAL,10.07892369
2022-07-01,600571,SELL_REBAL,8.4926467
2022-07-01,300502,SELL_REBAL,9.24273676
2022-07-01,301016,BUY,6.82460065
2022-07-01,300371,BUY,9.74640316
2022-07-01,002774,BUY,6.30321182
2022-07-01,600113,BUY,7.06935523
2022-07-01,603327,BUY,6.91274842
2022-08-01,301016,SELL_REBAL,7.60823404
2022-08-01,300371,SELL_REBAL,10.0096039
2022-08-01,603327,SELL_REBAL,9.69470815
2022-08-01,605377,BUY,8.99219881
2022-08-01,600327,BUY,4.67129106
2022-08-01,002016,BUY,6.76492335
2022-08-01,000949,BUY,3.4650105
2022-09-01,600817,SELL_REBAL,8.1010775
2022-09-01,002774,SELL_REBAL,5.82556654
2022-09-01,002818,SELL_REBAL,10.56467022
2022-09-01,002469,SELL_REBAL,6.47276742
2022-09-01,002107,SELL_REBAL,5.31768208
2022-09-01,002014,SELL_REBAL,6.5844384
2022-09-01,603565,SELL_REBAL,8.9646726
2022-09-01,600327,SELL_REBAL,4.75779645
2022-09-01,002016,SELL_REBAL,5.95746525
2022-09-01,000949,SELL_REBAL,3.50461062
2022-09-01,605580,BUY,7.95454652
2022-09-01,605277,BUY,8.85050821
2022-09-01,002871,BUY,8.6111072
2022-09-01,301028,BUY,9.52676378
2022-09-01,603408,BUY,9.53629826
2022-09-01,002892,BUY,6.20258716
2022-09-01,002825,BUY,9.7032087
2022-09-01,603519,BUY,9.45472304
2022-09-01,603086,BUY,9.76029525
2022-09-01,603002,BUY,5.5445598
2022-10-10,603095,SELL_REBAL,10.35774985
2022-10-10,002327,SELL_REBAL,5.2992814
2022-10-10,002749,SELL_REBAL,5.97094029
2022-10-10,603871,SELL_REBAL,6.38312928
2022-10-10,603519,SELL_REBAL,8.89433672
2022-10-10,603086,SELL_REBAL,9.56166468
2022-10-10,603002,SELL_REBAL,4.86215244
2022-10-10,301059,BUY,9.5853648
2022-10-10,688697,BUY,5.85119174
2022-10-10,003025,BUY,9.09367208
2022-10-10,300993,BUY,9.2866794
2022-10-10,300996,BUY,9.8249517
2022-10-10,300371,BUY,9.0525103
2022-10-10,300218,BUY,9.1413518
2022-11-01,605277,SELL_REBAL,8.65101902
2022-11-01,002892,SELL_REBAL,4.92216032
2022-11-01,002105,SELL_REBAL,6.72783007
2022-11-01,301059,SELL_REBAL,10.5859248
2022-11-01,003025,SELL_REBAL,11.78769272
2022-11-01,300996,SELL_REBAL,16.0620003
2022-11-01,300371,SELL_REBAL,10.1292406
2022-11-01,001210,BUY,9.12631827
2022-11-01,301091,BUY,8.1518096
2022-11-01,688257,BUY,8.39940948
2022-11-01,605162,BUY,8.25400576
2022-11-01,300997,BUY,9.78851328
2022-11-01,002615,BUY,5.47281306
2022-11-01,003006,BUY,9.95586235
2022-12-01,603871,BUY_SKIP_LIMIT_UP,6.77234448
2022-12-01,300993,SELL_REBAL,10.3081422
2022-12-01,688697,SELL_REBAL,11.1921853
2022-12-01,002871,SELL_REBAL,10.19609984
2022-12-01,605377,SELL_REBAL,11.11691716
2022-12-01,301091,SELL_REBAL,10.8795456
2022-12-01,688257,SELL_REBAL,10.60559136
2022-12-01,300997,SELL_REBAL,10.95224832
2022-12-01,003006,SELL_REBAL,12.58017261
2022-12-01,603519,BUY,8.84404564
2022-12-01,002327,BUY,5.4228798
2022-12-01,603600,BUY,9.22906425
2022-12-01,603086,BUY,9.76029525
2022-12-01,603088,BUY,7.06653184
2022-12-01,603002,BUY,4.99484276
2022-12-01,300394,BUY,9.3050452
2023-01-03,603998,BUY_SKIP_LIMIT_UP,7.83199309
2023-01-03,001210,SELL_REBAL,10.51417359
2023-01-03,600113,SELL_REBAL,8.31576914
2023-01-03,300371,BUY,9.23595324
2023-01-03,002105,BUY,7.17700305
2023-02-01,300218,SELL_REBAL,10.42860338
2023-02-01,300394,SELL_REBAL,10.07633792
2023-02-01,300371,SELL_REBAL,10.18507106
2023-02-01,300993,BUY,9.926892
2023-02-01,301091,BUY,9.988616
2023-02-01,603998,BUY,7.87644254
2023-02-01,603565,BUY,8.78816055
2023-03-01,301028,SELL_REBAL,10.2646859
2023-03-01,603408,SELL_REBAL,10.15607501
2023-03-01,300993,SELL_REBAL,10.3441092
2023-03-01,301091,SELL_REBAL,10.0396384
2023-03-01,001210,BUY,9.98788014
2023-03-01,600113,BUY,7.84955325
2023-03-01,600746,BUY,8.44265148
2023-03-01,603871,BUY,7.92377278
2023-04-03,603565,SELL_REBAL,9.2107197
2023-04-03,603998,SELL_REBAL,11.2012614
2023-04-03,603871,SELL_REBAL,8.44596984
2023-04-03,688257,BUY,9.49130784
2023-04-03,605377,BUY,9.7199759
2023-04-03,300218,BUY,9.66371476
2023-05-04,001210,SELL_REBAL,9.75397194
2023-05-04,605580,SELL_REBAL,9.64264964
2023-05-04,605162,SELL_REBAL,7.98685602
2023-05-04,605368,SELL_REBAL,7.6695891
2023-05-04,603519,SELL_REBAL,10.2019048
2023-05-04,600113,SELL_REBAL,7.12644289
2023-05-04,002327,SELL_REBAL,6.9601349
2023-05-04,600746,SELL_REBAL,6.78496192
2023-05-04,688257,SELL_REBAL,9.47140992
2023-05-04,605377,SELL_REBAL,9.70043826
2023-05-04,300218,SELL_REBAL,8.42310273
2023-05-04,603095,BUY,9.94612437
2023-05-04,603551,BUY,8.58115766
2023-05-04,000529,BUY,6.66904326
2023-05-04,603327,BUY,7.31442175
2023-05-04,002677,BUY,9.41611975
2023-05-04,603067,BUY,8.01776256
2023-05-04,000731,BUY,7.64088456
2023-05-04,002014,BUY,7.7824226
2023-05-04,600790,BUY,4.051174
2023-05-04,002043,BUY,8.87147441
2023-05-04,300158,BUY,6.2
2023-06-01,603095,SELL_REBAL,10.28168862
2023-06-01,600790,SELL_REBAL,3.8398084
2023-06-01,002043,SELL_REBAL,7.94923282
2023-06-01,300158,SELL_REBAL,5.65
2023-06-01,605006,BUY,7.54529352
2023-06-01,300121,BUY,8.87834829
2023-06-01,603871,BUY,6.85667444
2023-06-01,603565,BUY,8.06872632
2023-07-03,002825,SELL_REBAL,8.4387302
2023-07-03,002105,SELL_REBAL,5.97710148
2023-07-03,603551,SELL_REBAL,10.11449008
2023-07-03,000731,SELL_REBAL,7.39615872
2023-07-03,603360,BUY,4.8837943
2023-07-03,002836,BUY,7.67344776
2023-07-03,605368,BUY,8.01933435
2023-07-03,603227,BUY,7.8666055
2023-08-01,603871,SELL_REBAL,8.27010162
2023-08-01,603327,SELL_REBAL,8.1450723
2023-08-01,603565,SELL_REBAL,9.05722566
2023-08-01,603227,SELL_REBAL,8.02393761
2023-08-01,603095,BUY,9.76082376
2023-08-01,603998,BUY,8.69644216
2023-08-01,603676,BUY,9.89962125
2023-08-01,002022,BUY,9.78
2023-09-01,002615,SELL_REBAL,6.2176024
2023-09-01,605006,SELL_REBAL,7.2779406
2023-09-01,603086,SELL_REBAL,6.05801504
2023-09-01,603002,SELL_REBAL,5.82728955
2023-09-01,603067,SELL_REBAL,7.16405815
2023-09-01,002022,SELL_REBAL,8.76
2023-09-01,003000,BUY,9.7919552
2023-09-01,603551,BUY,9.48233445
2023-09-01,002478,BUY,5.79649356
2023-09-01,300507,BUY,5.71111084
2023-09-01,300181,BUY,9.3202194
2023-09-01,300639,BUY,9.2268
2023-10-09,300181,SELL_REBAL,10.07862941
2023-10-09,300639,SELL_REBAL,9.5832
2023-10-09,002871,BUY,9.89270528
2023-10-09,300575,BUY,9.78972169
2023-11-01,002836,SELL_REBAL,7.76771616
2023-11-01,603095,SELL_REBAL,11.3427707
2023-11-01,003000,SELL_REBAL,10.78030208
2023-11-01,000529,SELL_REBAL,5.90823685
2023-11-01,300121,SELL_REBAL,8.97289939
2023-11-01,603998,SELL_REBAL,10.10881625
2023-11-01,300507,SELL_REBAL,6.31432868
2023-11-01,603067,BUY,7.15016085
2023-11-01,603227,BUY,7.14472876
2023-11-01,603871,BUY,8.18656524
2023-11-01,002043,BUY,8.24209551
2023-11-01,603327,BUY,9.29730204
2023-11-01,600251,BUY,8.49443876
2023-11-01,301039,BUY,9.03445342
2023-12-01,002871,SELL_REBAL,10.1836672
2023-12-01,603676,SELL_REBAL,10.06235475
2023-12-01,300181,BUY,9.61261844
2023-12-01,000848,BUY,7.20969512
2024-01-02,603600,SELL_REBAL,10.04213181
2024-01-02,301039,SELL_REBAL,8.34294953
2024-01-02,300206,BUY,9.6214657
2024-01-02,002960,BUY,8.99774909
2024-02-01,603811,SELL_REBAL,4.81615451
2024-02-01,300575,SELL_REBAL,5.62884693
2024-02-01,603227,SELL_REBAL,5.69172045
2024-02-01,603871,SELL_REBAL,9.04049268
2024-02-01,002043,SELL_REBAL,8.18218412
2024-02-01,300181,SELL_REBAL,8.59835927
2024-02-01,600251,SELL_REBAL,6.9258113
2024-02-01,000848,SELL_REBAL,6.67596769
2024-02-01,300206,SELL_REBAL,7.8327392
2024-02-01,002960,SELL_REBAL,7.81609312
2024-02-01,301277,BUY,7.92618784
2024-02-01,605580,BUY,8.97095784
2024-02-01,002871,BUY,7.90143464
2024-02-01,002136,BUY,8.82813292
2024-02-01,603326,BUY,6.5970635
2024-02-01,002728,BUY,9.42299991
2024-02-01,603519,BUY,9.52382431
2024-02-01,603676,BUY,7.2506815
2024-02-01,300160,BUY,4.40294943
2024-02-01,300507,BUY,4.74790816
2024-03-01,605368,SELL_REBAL,10.0429047
2024-03-01,002728,SELL_REBAL,10.28391639
2024-03-01,603519,SELL_REBAL,10.29667903
2024-03-01,300622,BUY,8.14127325
2024-03-01,603600,BUY,9.12359029
2024-03-01,603339,BUY,9.55304805
2024-04-01,603327,SELL_REBAL,13.73404874
2024-04-01,603600,SELL_REBAL,11.00483398
2024-04-01,603339,SELL_REBAL,10.77659115
2024-04-01,301379,BUY,9.01819926
2024-04-01,603162,BUY,5.87415108
2024-04-01,600251,BUY,7.85231056
2024-05-06,301277,SELL_REBAL,10.19150002
2024-05-06,605580,SELL_REBAL,9.81956196
2024-05-06,002871,SELL_REBAL,8.183304
2024-05-06,002136,SELL_REBAL,11.29248841
2024-05-06,603326,SELL_REBAL,6.05227374
2024-05-06,603067,SELL_REBAL,8.52599355
2024-05-06,300160,SELL_REBAL,5.50606419
2024-05-06,300507,SELL_REBAL,5.39004328
2024-05-06,301379,SELL_REBAL,8.78368344
2024-05-06,603162,SELL_REBAL,6.35745086
2024-05-06,002615,BUY,7.2665844
2024-05-06,002327,BUY,9.00833868
2024-05-06,002154,BUY,5.37275695
2024-05-06,603227,BUY,6.55241964
2024-05-06,301039,BUY,9.16916197
2024-05-06,002043,BUY,9.39752946
2024-05-06,000848,BUY,8.25965072
2024-05-06,000567,BUY,6.49291846
2024-05-06,603730,BUY,7.00374227
2024-05-06,600888,BUY,7.58664548
2024-06-03,603551,SELL_REBAL,9.83442113
2024-06-03,600888,SELL_REBAL,7.0774255
2024-06-03,300009,BUY,8.64039042
2024-06-03,000429,BUY,8.96147015
2024-07-01,300622,SELL_REBAL,6.5826696
2024-07-01,002615,SELL_REBAL,6.18377553
2024-07-01,603676,SELL_REBAL,7.45861875
2024-07-01,603227,SELL_REBAL,5.7379946
2024-07-01,300192,BUY,6.9338
2024-07-01,000014,BUY,9.8
2024-07-01,000707,BUY,6.84261952
2024-07-01,603027,BUY,9.67292495
2024-08-01,301039,SELL_REBAL,8.05557129
2024-08-01,002154,SELL_REBAL,3.82911298
2024-08-01,300009,SELL_REBAL,8.02859807
2024-08-01,000567,SELL_REBAL,5.51
2024-08-01,603730,SELL_REBAL,6.43847642
2024-08-01,000429,SELL_REBAL,10.32832996
2024-08-01,000014,SELL_REBAL,8.45
2024-08-01,002360,BUY,4.89
2024-08-01,603819,BUY,9.88085643
2024-08-01,603519,BUY,8.17749702
2024-08-01,603551,BUY,8.39170389
2024-08-01,605377,BUY,8.99303367
2024-08-01,603801,BUY,9.7199901
2024-08-01,603408,BUY,9.96691674
2024-09-02,002478,SELL_REBAL,4.25872216
2024-09-02,002327,SELL_REBAL,6.4036818
2024-09-02,002043,SELL_REBAL,8.76593136
2024-09-02,000848,SELL_REBAL,6.46877427
2024-09-02,603027,SELL_REBAL,8.70206311
2024-09-02,002360,SELL_REBAL,4.25
2024-09-02,603519,SELL_REBAL,7.83857844
2024-09-02,603801,SELL_REBAL,8.3567128
2024-09-02,600493,BUY,4.37229039
2024-09-02,001207,BUY,8.97177098
2024-09-02,300532,BUY,6.52255744
2024-09-02,603676,BUY,7.37439556
2024-09-02,601065,BUY,7.9448596
2024-09-02,603067,BUY,7.86580473
2024-09-02,002749,BUY,9.99708677
2024-09-02,002088,BUY,9.13227536
2024-10-08,300441,BUY_SKIP_LIMIT_UP,8.51220436
2024-10-08,300192,SELL_REBAL,10.920735
2024-10-08,000707,SELL_REBAL,8.08673216
2024-10-08,605377,SELL_REBAL,10.92412405
2024-10-08,603360,SELL_REBAL,12.0214412
2024-10-08,603408,SELL_REBAL,11.57477051
2024-10-08,001207,SELL_REBAL,11.4359448
2024-10-08,002749,SELL_REBAL,10.38707065
2024-10-08,002088,SELL_REBAL,11.9546518
2024-10-08,002154,BUY,4.29934822
2024-10-08,002274,BUY,7.94575551
2024-10-08,603227,BUY,8.31734978
2024-10-08,603730,BUY,8.05350298
2024-10-08,600737,BUY,9.90731588
2024-10-08,600873,BUY,9.77180295
2024-10-08,600398,BUY,6.67283589
2024-11-01,600493,SELL_REBAL,5.06317149
2024-11-01,603819,SELL_REBAL,9.08481563
2024-11-01,300532,SELL_REBAL,7.45248448
2024-11-01,601065,SELL_REBAL,8.54790316
2024-11-01,002677,SELL_REBAL,6.76523351
2024-11-01,603067,SELL_REBAL,8.91175181
2024-11-01,600251,SELL_REBAL,7.134939
2024-11-01,002154,SELL_REBAL,3.74062235
2024-11-01,002274,SELL_REBAL,7.1634332
2024-11-01,600737,SELL_REBAL,8.98826988
2024-11-01,600398,SELL_REBAL,5.13506301
2024-11-01,605580,BUY,8.77294843
2024-11-01,300441,BUY,8.62671832
2024-11-01,605599,BUY,9.63965376
2024-11-01,000848,BUY,8.24379861
2024-11-01,603027,BUY,8.66636966
2024-11-01,300009,BUY,8.52744414
2024-11-01,002867,BUY,9.9137103
2024-11-01,002027,BUY,6.6304644
2024-11-01,603993,BUY,7.57742427
2024-12-02,603676,SELL_REBAL,10.19310299
2024-12-02,605599,SELL_REBAL,10.59814206
2024-12-02,002867,SELL_REBAL,11.68306308
2025-01-02,605580,SELL_REBAL,10.79449884
2025-01-02,603067,BUY,8.65733225
2025-01-02,601958,BUY,9.47627055
2025-02-05,601958,SELL_REBAL,10.12389507
2025-02-05,000707,BUY,6.803741
2025-02-05,603676,BUY,9.27163888
2025-02-05,002043,BUY,9.66558041
2025-02-05,605599,BUY,9.84960834
2025-03-03,603067,SELL_REBAL,12.00012258
2025-03-03,605599,SELL_REBAL,10.3608021
2025-04-01,603088,SELL_REBAL,11.73003411
2025-04-01,002014,SELL_REBAL,10.76498451
2025-05-06,300453,SELL_REBAL,7.58052004
2025-05-06,000707,SELL_REBAL,6.00673134
2025-05-06,300441,SELL_REBAL,7.98323656
2025-05-06,603027,SELL_REBAL,8.15238398
2025-05-06,603227,SELL_REBAL,9.46986938
2025-05-06,600873,SELL_REBAL,10.08453424
2025-05-06,002871,BUY,9.681891
2025-05-06,603811,BUY,6.14433612
2025-05-06,002550,BUY,5.83427072
2025-05-06,603871,BUY,9.61629138
2025-05-06,601958,BUY,9.49531833
2025-05-06,601600,BUY,6.18974015
2025-06-03,603676,SELL_REBAL,10.91507487
2025-06-03,000848,SELL_REBAL,9.63453933
2025-06-03,300009,SELL_REBAL,8.86201604
2025-06-03,002871,SELL_REBAL,10.41139134
2025-06-03,002550,SELL_REBAL,8.33634662
2025-06-03,603871,SELL_REBAL,9.3407722
2025-06-03,601958,SELL_REBAL,10.22865786
2025-06-03,002836,BUY,8.850501
2025-06-03,603088,BUY,8.9038968
2025-07-01,603551,SELL_REBAL,10.08120204
2025-07-01,002027,SELL_REBAL,6.5846739
2025-07-01,300453,BUY,7.93595439
2025-07-01,300441,BUY,8.00304608
2025-07-01,002372,BUY,9.92058885
2025-08-01,601600,SELL_REBAL,7.04810165
2025-08-01,002372,SELL_REBAL,10.21772726
2025-08-01,002170,BUY,9.64271616
2025-08-01,000848,BUY,8.22185289
2025-09-01,603811,SELL_REBAL,10.11768483
2025-09-01,002043,SELL_REBAL,10.31816555
2025-09-01,603730,SELL_REBAL,5.60541696
2025-09-01,603993,SELL_REBAL,13.33756281
2025-09-01,002170,SELL_REBAL,10.67956736
2025-09-01,002027,BUY,8.1974793
2025-10-09,603088,SELL_REBAL,11.25531264
2025-10-09,002372,BUY,9.61386533
2025-10-09,601600,BUY,8.42365356
2025-11-03,002836,SELL_REBAL,12.42020307
2025-11-03,300441,SELL_REBAL,7.93371276
2025-11-03,002372,SELL_REBAL,10.0648288
2025-11-03,601600,SELL_REBAL,10.00737153
2025-11-03,000554,BUY,6.8048973
2025-11-03,603811,BUY,8.333028
2025-11-03,600210,BUY,7.2696192
2025-12-01,600873,BUY,9.67474134
2026-02-02,000554,SELL_REBAL,7.64318175
2026-02-02,600873,SELL_REBAL,10.01721006
2026-02-02,002003,BUY,9.75784041
2026-05-06,603811,SELL_REBAL,8.24275353
2026-05-06,300453,SELL_REBAL,10.02350592
2026-05-06,002003,SELL_REBAL,9.32607756
2026-05-06,600210,SELL_REBAL,6.63542065
2026-05-06,002107,BUY,7.4
2026-05-06,002546,BUY,8.34
2026-05-06,600867,BUY,8.97268008
2026-06-01,002546,SELL_REBAL,7.61
2026-06-01,000554,BUY,6.83448381
2026-06-01,300824,BUY,8.83
2026-06-01,002668,BUY,9.55
2026-06-01,300009,BUY,8.35
2026-07-01,002027,SELL_REBAL,4.66231955
2026-07-01,000554,SELL_REBAL,5.65102341
2026-07-01,300824,SELL_REBAL,7.37
2026-07-01,002668,SELL_REBAL,10.91
2026-07-01,002582,BUY,8.77
2026-07-01,300453,BUY,9.3
2026-07-01,603551,BUY,9.06
2026-07-01,603998,BUY,9.2
2026-07-01,002372,BUY,8.28
2026-08-03,002582,SELL_REBAL,10.02
2026-08-14,002107,SELL_FORCED_DELIST,6.41
2026-08-14,300453,SELL_FORCED_DELIST,10.08
2026-08-14,603551,SELL_FORCED_DELIST,9.4
2026-08-14,603998,SELL_FORCED_DELIST,10.78
2026-08-14,000848,SELL_FORCED_DELIST,8.32
2026-08-14,300009,SELL_FORCED_DELIST,8.95
2026-08-14,002372,SELL_FORCED_DELIST,8.33
2026-08-14,600867,SELL_FORCED_DELIST,8.57
